0.0	0.34671099687916285	-0.27391487529123504
0.001	0.34685495269416083	-0.273902089111743
0.002	0.3469990604521013	-0.27388926864658775
0.003	0.34714332044558016	-0.27387641381410965
0.004	0.34728773296804777	-0.27386352453236246
0.005	0.3474322983138375	-0.2738506007191135
0.006	0.34757701677815317	-0.2738376422918405
0.007	0.34772188865705517	-0.27382464916772165
0.008	0.3478669142475035	-0.2738116212636523
0.009	0.3480120938473304	-0.27379855849622775
0.01	0.3481574277552425	-0.2737854607817465
0.011	0.3483029162708584	-0.2737723280362148
0.012	0.3484485596946748	-0.2737591601753382
0.013	0.348594358328076	-0.27374595711452104
0.014	0.34874031247336196	-0.2737327187688709
0.015	0.3488864224337265	-0.27371944505318935
0.016	0.3490326885132748	-0.2737061358819771
0.017	0.3491791110170102	-0.27369279116942746
0.018	0.34932569025087046	-0.2736794108294317
0.019	0.3494724265216924	-0.2736659947755693
0.02	0.3496193201372396	-0.2736525429211123
0.021	0.34976637140620864	-0.2736390551790244
0.022	0.34991358063820843	-0.27362553146195456
0.023	0.350060948143793	-0.2736119716822408
0.024	0.3502084742344484	-0.27359837575190504
0.025	0.35035615922260227	-0.2735847435826562
0.026	0.350504003421618	-0.2735710750858814
0.027	0.3506520071458236	-0.2735573701726554
0.028	0.35080017071047587	-0.27354362875372645
0.029	0.350948494431804	-0.2735298507395249
0.03	0.3510969786269928	-0.2735160360401579
0.031	0.35124562361418177	-0.27350218456540715
0.032	0.35139442971248597	-0.2734882962247292
0.033	0.3515433972419877	-0.2734743709272525
0.034	0.3516925265237444	-0.2734604085817773
0.035	0.351841817879794	-0.2734464090967746
0.036	0.35199127163315425	-0.27343237238038215
0.037	0.352140888107832	-0.27341829834040393
0.038	0.352290667628822	-0.2734041868843105
0.039	0.3524406105221133	-0.2733900379192343
0.04	0.35259071711470197	-0.2733758513519738
0.041	0.3527409877345765	-0.27336162708898376
0.042	0.35289142271073504	-0.27334736503637896
0.043	0.3530420223731924	-0.27333306509993344
0.044	0.35319278705297763	-0.273318727185077
0.045	0.3533437170821305	-0.2733043511968928
0.046	0.35349481279371997	-0.2732899370401143
0.047	0.3536460745218504	-0.2732754846191319
0.048	0.35379750260165227	-0.2732609938379846
0.049	0.35394909736928487	-0.2732464646003526
0.05	0.35410085916196204	-0.2732318968095707
0.051	0.35425278831793217	-0.2732172903686152
0.052	0.3544048851764977	-0.27320264518010473
0.053	0.35455715007801203	-0.27318796114629956
0.054	0.35470958336389274	-0.27317323816910277
0.055	0.3548621853766155	-0.2731584761500526
0.056	0.35501495645971476	-0.2731436749903213
0.057	0.355167896957818	-0.2731288345907259
0.058	0.35532100721661	-0.27311395485170575
0.059	0.35547428758285765	-0.2730990356733362
0.06	0.35562773840442136	-0.2730840769553231
0.061	0.3557813600302466	-0.2730690785970009
0.062	0.3559351528103679	-0.27305404049732523
0.063	0.35608911709592467	-0.27303896255488225
0.064	0.3562432532391562	-0.2730238446678761
0.065	0.35639756159341074	-0.2730086867341373
0.066	0.3565520425131521	-0.27299348865111217
0.067	0.35670669635395885	-0.27297825031586453
0.068	0.3568615234725261	-0.2729629716250736
0.069	0.35701652422668084	-0.27294765247503444
0.07	0.3571716989753802	-0.27293229276165304
0.071	0.3573270480787234	-0.27291689238044625
0.072	0.3574825718979389	-0.27290145122653797
0.073	0.3576382707954137	-0.27288596919466124
0.074	0.3577941451346659	-0.27287044617914913
0.075	0.3579501952803909	-0.2728548820739425
0.076	0.35810642159843514	-0.2728392767725814
0.077	0.3582628244558103	-0.2728236301682057
0.078	0.3584194042206936	-0.27280794215354937
0.079	0.3585761612624464	-0.2727922126209465
0.08	0.3587330959516102	-0.2727764414623222
0.081	0.35889020865989774	-0.2727606285691904
0.082	0.3590474997602274	-0.27274477383265855
0.083	0.3592049696267074	-0.27272887714341937
0.084	0.35936261863464564	-0.27271293839175437
0.085	0.35952044716056025	-0.27269695746752326
0.086	0.35967845558217076	-0.2726809342601715
0.087	0.3598366442784211	-0.27266486865872275
0.088	0.359995013629476	-0.27264876055177856
0.089	0.3601535640167231	-0.2726326098275156
0.09	0.36031229582278673	-0.272616416373687
0.091	0.3604712094315149	-0.2726001800776089
0.092	0.36063030522801487	-0.272583900826178
0.093	0.36078958359863506	-0.2725675785058508
0.094	0.36094904493097607	-0.27255121300265256
0.095	0.36110868961389775	-0.27253480420216913
0.096	0.3612685180375266	-0.2725183519895501
0.097	0.36142853059324986	-0.27250185624949974
0.098	0.36158872767374245	-0.27248531686628497
0.099	0.3617491096729486	-0.2724687337237222
0.1	0.3619096769861097	-0.2724521067051846
0.101	0.36207043000974576	-0.2724354356935904
0.102	0.3622313691416864	-0.27241872057141064
0.103	0.36239249478105523	-0.27240196122065935
0.104	0.3625538073282945	-0.2723851575228971
0.105	0.36271530718514794	-0.27236830935922174
0.106	0.3628769947546893	-0.2723514166102737
0.107	0.36303887044131977	-0.2723344791562306
0.108	0.3632009346507625	-0.2723174968768021
0.109	0.3633631877900812	-0.27230046965122995
0.11	0.3635256302676914	-0.27228339735829044
0.111	0.36368826249335245	-0.2722662798762823
0.112	0.36385108487817336	-0.27224911708303323
0.113	0.36401409783463534	-0.27223190885589216
0.114	0.36417730177658003	-0.2722146550717307
0.115	0.36434069711922834	-0.2721973556069372
0.116	0.3645042842791694	-0.2721800103374159
0.117	0.36466806367439225	-0.27216261913858575
0.118	0.3648320357242603	-0.27214518188537273
0.119	0.36499620084955664	-0.2721276984522203
0.12	0.3651605594724472	-0.27211016871306837
0.121	0.36532511201652534	-0.27209259254136803
0.122	0.36548985890678626	-0.27207496981006646
0.123	0.3656548005696664	-0.27205730039161535
0.124	0.3658199374330116	-0.2720395841579562
0.125	0.3659852699261148	-0.2720218209805296
0.126	0.36615079847970433	-0.27200401073026276
0.127	0.3663165235259699	-0.2719861532775775
0.128	0.36648244549853587	-0.2719682484923746
0.129	0.3666485648325087	-0.2719502962440454
0.13	0.3668148819644559	-0.2719322964014602
0.131	0.3669813973324149	-0.27191424883296383
0.132	0.3671481113759025	-0.271896153406381
0.133	0.36731502453593035	-0.2718780099890065
0.134	0.367482137255005	-0.27185981844760726
0.135	0.3676494499771392	-0.27184157864842257
0.136	0.3678169631478336	-0.2718232904571454
0.137	0.3679846772141236	-0.27180495373894153
0.138	0.36815259262456557	-0.27178656835843185
0.139	0.3683207098292261	-0.2717681341796915
0.14	0.3684890292797348	-0.27174965106625854
0.141	0.36865755142924067	-0.2717311188811107
0.142	0.36882627673245305	-0.2717125374866819
0.143	0.36899520564564425	-0.271693906744853
0.144	0.36916433862663534	-0.2716752265169399
0.145	0.3693336761348274	-0.27165649666370495
0.146	0.36950321863119895	-0.27163771704534506
0.147	0.3696729665783142	-0.27161888752149227
0.148	0.369842920440324	-0.2716000079512078
0.149	0.3700130806829935	-0.2715810781929852
0.15	0.370183447773677	-0.27156209810473814
0.151	0.37035402218136076	-0.2715430675438097
0.152	0.37052480437663454	-0.27152398636695213
0.153	0.3706957948317369	-0.27150485443034483
0.154	0.3708669940205292	-0.27148567158957376
0.155	0.3710384024185243	-0.2714664376996381
0.156	0.3712100205028851	-0.271447152614942
0.157	0.37138184875243385	-0.2714278161892971
0.158	0.3715538876476642	-0.2714084282759126
0.159	0.3717261376707405	-0.271388988727399
0.16	0.37189859930551	-0.2713694973957585
0.161	0.37207127303751325	-0.27134995413238583
0.162	0.3722441593539893	-0.2713303587880653
0.163	0.37241725874388554	-0.27131071121296624
0.164	0.3725905716978599	-0.27129101125663996
0.165	0.37276409870828814	-0.2712712587680134
0.166	0.37293784026928994	-0.2712514535953946
0.167	0.37311179687671453	-0.27123159558645776
0.168	0.37328596902816086	-0.27121168458825246
0.169	0.3734603572229774	-0.2711917204471877
0.17	0.3736349619622865	-0.2711717030090389
0.171	0.3738097837489732	-0.27115163211893756
0.172	0.3739848230877036	-0.271131507621373
0.173	0.3741600804849327	-0.27111132936018423
0.174	0.37433555644891786	-0.27109109717856134
0.175	0.374511251489708	-0.27107081091903534
0.176	0.3746871661191797	-0.2710504704234838
0.177	0.3748633008510214	-0.2710300755331178
0.178	0.3750396562007622	-0.2710096260884878
0.179	0.3752162326857664	-0.2709891219294731
0.18	0.3753930308252311	-0.2709685628952749
0.181	0.3755700511402392	-0.27094794882442796
0.182	0.3757472941537161	-0.27092727955477924
0.183	0.37592476039047984	-0.2709065549234996
0.184	0.37610245037720913	-0.2708857747670636
0.185	0.3762803646424988	-0.270864938921263
0.186	0.37645850371683187	-0.2708440472211895
0.187	0.3766368681326026	-0.27082309950123884
0.188	0.37681545842413106	-0.27080209559510726
0.189	0.37699427512766004	-0.2707810353357784
0.19	0.3771733187813712	-0.2707599185555293
0.191	0.37735258992540144	-0.2707387450859275
0.192	0.37753208910183633	-0.2707175147578166
0.193	0.3777118168547309	-0.2706962274013234
0.194	0.3778917737301141	-0.27067488284584645
0.195	0.37807196027599965	-0.2706534809200535
0.196	0.3782523770423988	-0.27063202145188364
0.197	0.37843302458133316	-0.27061050426853805
0.198	0.37861390344682605	-0.2705889291964744
0.199	0.3787950141949284	-0.2705672960614022
0.2	0.3789763573837321	-0.27054560468828515
0.201	0.3791579335733669	-0.27052385490133657
0.202	0.3793397433260141	-0.27050204652400317
0.203	0.3795217872059265	-0.27048017937897795
0.204	0.37970406577942534	-0.2704582532881837
0.205	0.379886579614911	-0.2704362680727721
0.206	0.38006932928288933	-0.2704142235531224
0.207	0.38025231535595666	-0.2703921195488313
0.208	0.38043553840883615	-0.27036995587871815
0.209	0.3806189990183747	-0.2703477323608108
0.21	0.38080269776354836	-0.270325448812345
0.211	0.3809866352254743	-0.2703031050497573
0.212	0.3811708119874463	-0.2702807008886915
0.213	0.381355228634898	-0.27025823614397715
0.214	0.38153988575546277	-0.27023571062963714
0.215	0.38172478393895626	-0.2702131241588832
0.216	0.38190992377738486	-0.27019047654410255
0.217	0.3820953058649747	-0.270167767596864
0.218	0.3822809307981722	-0.2701449971279036
0.219	0.38246679917565	-0.27012216494712665
0.22	0.38265291159833076	-0.2700992708636016
0.221	0.3828392686693873	-0.27007631468555343
0.222	0.3830258709942575	-0.2700532962203589
0.223	0.3832127191806585	-0.2700302152745445
0.224	0.3833998138385972	-0.2700070716537825
0.225	0.3835871555803724	-0.269983865162876
0.226	0.38377474502060016	-0.2699605956057681
0.227	0.3839625827762239	-0.26993726278553104
0.228	0.3841506694665063	-0.26991386650435506
0.229	0.3843390057130714	-0.2698904065635525
0.23	0.3845275921398973	-0.2698668827635527
0.231	0.38471642937332573	-0.2698432949038856
0.232	0.3849055180420822	-0.26981964278319137
0.233	0.3850948587772917	-0.2697959261992041
0.234	0.3852844522124809	-0.2697721449487563
0.235	0.3854742989835908	-0.2697482988277601
0.236	0.38566439972899713	-0.26972438763121614
0.237	0.3858547550895169	-0.26970041115320403
0.238	0.3860453657084234	-0.2696763691868699
0.239	0.3862362322314526	-0.2696522615244304
0.24	0.38642735530682404	-0.26962808795716
0.241	0.38661873558525567	-0.2696038482753945
0.242	0.38681037371995514	-0.26957954226851377
0.243	0.3870022703666619	-0.2695551697249469
0.244	0.38719442618363803	-0.2695307304321611
0.245	0.3873868418316942	-0.26950622417665465
0.246	0.3875795179741974	-0.26948165074395797
0.247	0.3877724552770869	-0.2694570099186232
0.248	0.38796565440887276	-0.26943230148421415
0.249	0.38815911604067743	-0.2694075252233119
0.25	0.3883528408462222	-0.26938268091749745
0.251	0.38854682950185376	-0.2693577683473531
0.252	0.3887410826865624	-0.2693327872924571
0.253	0.3889356010819807	-0.26930773753137127
0.254	0.3891303853724094	-0.26928261884164134
0.255	0.38932543624482235	-0.2692574309997838
0.256	0.38952075438889006	-0.26923217378129083
0.257	0.3897163404969911	-0.2692068469606158
0.258	0.3899121952642162	-0.26918145031116575
0.259	0.39010831938839474	-0.26915598360530335
0.26	0.39030471357009805	-0.26913044661432955
0.261	0.3905013785126795	-0.26910483910849625
0.262	0.39069831492223983	-0.2690791608569707
0.263	0.39089552350769824	-0.2690534116278582
0.264	0.3910930049807566	-0.2690275911881758
0.265	0.39129076005596325	-0.2690016993038631
0.266	0.39148878945067916	-0.26897573573975486
0.267	0.39168709388512946	-0.26894970025959175
0.268	0.3918856740823979	-0.2689235926260059
0.269	0.3920845307684522	-0.26889741260051636
0.27	0.3922836646721563	-0.26887115994352084
0.271	0.39248307652528125	-0.2688448344142917
0.272	0.3926827670625318	-0.26881843577096753
0.273	0.3928827370215477	-0.26879196377054326
0.274	0.3930829871429328	-0.2687654181688716
0.275	0.3932835181702548	-0.2687387987206419
0.276	0.39348433085008444	-0.26871210517939426
0.277	0.39368542593198	-0.26868533729748645
0.278	0.39388680416853566	-0.26865849482611043
0.279	0.394088466315381	-0.26863157751527417
0.28	0.3942904131311902	-0.2686045851137903
0.281	0.3944926453777129	-0.2685775173692768
0.282	0.39469516381978526	-0.268550374028147
0.283	0.3948979692253518	-0.26852315483560674
0.284	0.3951010623654622	-0.2684958595356332
0.285	0.39530444401431186	-0.26846848787098004
0.286	0.3955081149492483	-0.26844103958316934
0.287	0.39571207595079216	-0.26841351441247785
0.288	0.3959163278026462	-0.2683859120979349
0.289	0.39612087129171625	-0.2683582323773084
0.29	0.3963257072081376	-0.26833047498710316
0.291	0.39653083634527997	-0.2683026396625513
0.292	0.39673625949975905	-0.2682747261375986
0.293	0.3969419774714935	-0.26824673414491174
0.294	0.3971479910636673	-0.2682186634158514
0.295	0.39735430108278214	-0.2681905136804734
0.296	0.3975609083386717	-0.2681622846675236
0.297	0.39776781364452213	-0.26813397610442813
0.298	0.39797501781686434	-0.2681055877172739
0.299	0.39818252167563495	-0.2680771192308226
0.3	0.3983903260441569	-0.2680485703684769
0.301	0.39859843174918064	-0.26801994085229036
0.302	0.39880683962089725	-0.2679912304029546
0.303	0.3990155504929475	-0.26796243873978504
0.304	0.3992245652024524	-0.2679335655807124
0.305	0.39943388459003787	-0.2679046106422903
0.306	0.3996435094998407	-0.26787557363966313
0.307	0.3998534407795257	-0.2678464542865705
0.308	0.40006367928032144	-0.2678172522953377
0.309	0.40027422585703026	-0.26778796737686367
0.31	0.4004850813680397	-0.2677585992406092
0.311	0.40069624667536174	-0.2677291475945978
0.312	0.400907722644634	-0.26769961214539384
0.313	0.4011195101451669	-0.2676699925981096
0.314	0.4013316100499224	-0.2676402886563747
0.315	0.40154402323557303	-0.2676105000223437
0.316	0.4017567505825002	-0.26758062639667846
0.317	0.4019697929748276	-0.26755066747854356
0.318	0.4021831513004385	-0.2675206229655951
0.319	0.4023968264509872	-0.26749049255396373
0.32	0.40261081932193366	-0.2674602759382543
0.321	0.402825130812566	-0.2674299728115365
0.322	0.40303976182600665	-0.2673995828653263
0.323	0.4032547132692404	-0.267369105789578
0.324	0.40346998605314954	-0.26733854127268375
0.325	0.403685581092524	-0.2673078890014541
0.326	0.40390149930607966	-0.26727714866110774
0.327	0.40411774161648706	-0.2672463199352632
0.328	0.4043343089503967	-0.2672154025059314
0.329	0.40455120223845437	-0.26718439605349936
0.33	0.4047684224153281	-0.26715330025672557
0.331	0.40498597041973317	-0.26712211479272274
0.332	0.4052038471944518	-0.2670908393369532
0.333	0.40542205368634704	-0.26705947356321114
0.334	0.4056405908464154	-0.2670280171436217
0.335	0.4058594596297831	-0.266996469748623
0.336	0.4060786609957235	-0.2669648310469461
0.337	0.40629819590771965	-0.26693310070562826
0.338	0.4065180653334534	-0.2669012783899793
0.339	0.40673827024483844	-0.26686936376357623
0.34	0.4069588116180548	-0.2668373564882605
0.341	0.4071796904335523	-0.2668052562241083
0.342	0.40740090767611087	-0.26677306262944295
0.343	0.40762246433482074	-0.26674077536079926
0.344	0.4078443614031475	-0.26670839407292835
0.345	0.4080665998789305	-0.26667591841877764
0.346	0.4082891807644264	-0.26664334804948253
0.347	0.40851210506632035	-0.2666106826143495
0.348	0.4087353737957621	-0.26657792176084916
0.349	0.40895898796838626	-0.26654506513460197
0.35	0.4091829486043419	-0.2665121123793631
0.351	0.4094072567283261	-0.266479063137016
0.352	0.40963191336958643	-0.26644591704755194
0.353	0.40985691956197834	-0.2664126737490635
0.354	0.4100822763439758	-0.26637933287773075
0.355	0.41030798475868896	-0.26634589406779885
0.356	0.4105340458539151	-0.2663123569515836
0.357	0.4107604606821565	-0.2662787211594417
0.358	0.4109872303006382	-0.2662449863197645
0.359	0.41121435577134613	-0.26621115205896173
0.36	0.4114418381610608	-0.2661772180014526
0.361	0.4116696785413665	-0.2661431837696467
0.362	0.4118978779887048	-0.2661090489839333
0.363	0.4121264375843773	-0.26607481326266536
0.364	0.41235535841460547	-0.26604047622215327
0.365	0.41258464157052516	-0.266006037476633
0.366	0.4128142881482465	-0.26597149663827524
0.367	0.4130442992488641	-0.2659368533171503
0.368	0.41327467597849166	-0.2659021071212246
0.369	0.41350541944830577	-0.2658672576563493
0.37	0.4137365307745558	-0.2658323045262322
0.371	0.413968011078611	-0.26579724733243776
0.372	0.41419986148696775	-0.2657620856743542
0.373	0.4144320831313198	-0.2657268191492055
0.374	0.41466467714855143	-0.26569144735200717
0.375	0.41489764468079143	-0.265655969875567
0.376	0.415130986875432	-0.26562038631046736
0.377	0.4153647048851801	-0.2655846962450515
0.378	0.41559879986805937	-0.2655488992653971
0.379	0.41583327298747585	-0.26551299495531655
0.38	0.4160681254122252	-0.26547698289632693
0.381	0.41630335831654003	-0.2654408626676413
0.382	0.4165389728801122	-0.2654046338461468
0.383	0.4167749702881455	-0.2653682960064002
0.384	0.41701135173136905	-0.2653318487205974
0.385	0.4172481184060732	-0.2652952915585567
0.386	0.41748527151416565	-0.26525862408772183
0.387	0.41772281226317903	-0.26522184587311737
0.388	0.4179607418663111	-0.2651849564773489
0.389	0.4181990615424921	-0.265147955460587
0.39	0.41843777251635966	-0.26511084238053395
0.391	0.4186768760183566	-0.2650736167924283
0.392	0.4189163732847266	-0.26503627824900644
0.393	0.41915626555756474	-0.264998826300499
0.394	0.41939655408485255	-0.26496126049460195
0.395	0.41963724012049375	-0.2649235803764671
0.396	0.4198783249243546	-0.26488578548868214
0.397	0.4201198097622962	-0.2648478753712474
0.398	0.42036169590621686	-0.26480984956156045
0.399	0.42060398463408505	-0.26477170759439617
0.4	0.4208466772299831	-0.26473344900189066
0.401	0.42108977498414224	-0.2646950733135164
0.402	0.42133327919298597	-0.26465658005607223
0.403	0.42157719115915804	-0.26461796875364857
0.404	0.42182151219158054	-0.2645792389276268
0.405	0.42206624360546474	-0.26454039009663616
0.406	0.42231138672239377	-0.26450142177656377
0.407	0.4225569428703092	-0.2644623334805004
0.408	0.42280291338361303	-0.2644231247187521
0.409	0.4230492996031492	-0.2643837949987932
0.41	0.42329610287629355	-0.26434434382526506
0.411	0.4235433245569512	-0.26430477069993824
0.412	0.42379096600564325	-0.26426507512170727
0.413	0.42403902858952097	-0.2642252565865607
0.414	0.4242875136824043	-0.2641853145875542
0.415	0.4245364226648511	-0.26414524861480576
0.416	0.4247857569241758	-0.2641050581554551
0.417	0.4250355178545064	-0.264064742693652
0.418	0.4252857068568221	-0.264024301710534
0.419	0.4255363253390016	-0.2639837346841973
0.42	0.4257873747158648	-0.26394304108968264
0.421	0.42603885640922395	-0.263902220398944
0.422	0.42629077184791797	-0.26386127208083254
0.423	0.42654312246787335	-0.26382019560106834
0.424	0.4267959097121346	-0.2637789904222173
0.425	0.42704913503092085	-0.26373765600366944
0.426	0.42730279988167397	-0.2636961918016152
0.427	0.427556905729094	-0.26365459726901586
0.428	0.42781145404520876	-0.26361287185558946
0.429	0.42806644630939167	-0.2635710150077725
0.43	0.4283218840084425	-0.2635290261687063
0.431	0.42857776863661484	-0.26348690477821035
0.432	0.42883410169566366	-0.2634446502727445
0.433	0.4290908846949205	-0.26340226208540507
0.434	0.42934811915131055	-0.26335973964587894
0.435	0.4296058065894276	-0.26331708238043033
0.436	0.4298639485415679	-0.2632742897118627
0.437	0.4301225465477974	-0.26323136105950634
0.438	0.43038160215599003	-0.26318829583917935
0.439	0.43064111692189505	-0.26314509346317194
0.44	0.43090109240916796	-0.26310175334020264
0.441	0.43116153018944514	-0.2630582748754086
0.442	0.43142243184239343	-0.26301465747031183
0.443	0.4316837989557398	-0.26297090052277733
0.444	0.43194563312536605	-0.26292700342700903
0.445	0.4322079359553268	-0.26288296557349994
0.446	0.4324707090579349	-0.2628387863490172
0.447	0.43273395405379445	-0.2627944651365659
0.448	0.4329976725718645	-0.26275000131535825
0.449	0.4332618662495237	-0.2627053942607902
0.45	0.43352653673261987	-0.2626606433444091
0.451	0.4337916856755209	-0.26261574793387654
0.452	0.4340573147411945	-0.2625707073929509
0.453	0.4343234256012415	-0.2625255210814434
0.454	0.4345900199359712	-0.2624801883551939
0.455	0.43485709943446	-0.2624347085660401
0.456	0.43512466579460296	-0.262389081061779
0.457	0.4353927207231881	-0.26234330518614823
0.458	0.4356612659359422	-0.26229738027877625
0.459	0.4359303031575953	-0.26225130567515953
0.46	0.43619983412196434	-0.26220508070663423
0.461	0.43646986057198206	-0.26215870470032837
0.462	0.43674038425978706	-0.26211217697914485
0.463	0.4370114069467792	-0.26206549686171465
0.464	0.4372829304036792	-0.2620186636623675
0.465	0.4375549564105974	-0.26197167669109894
0.466	0.4378274867571012	-0.2619245352535304
0.467	0.43810052324227644	-0.2618772386508783
0.468	0.4383740676748072	-0.26182978617991776
0.469	0.43864812187302227	-0.26178217713294694
0.47	0.4389226876649702	-0.2617344107977376
0.471	0.43919776688851436	-0.26168648645753173
0.472	0.43947336139135235	-0.26163840339096184
0.473	0.43974947303112877	-0.26159016087204784
0.474	0.4400261036754873	-0.26154175817014025
0.475	0.4403032552021311	-0.2614931945498838
0.476	0.4405809294989234	-0.26144446927119175
0.477	0.44085912846394315	-0.2613955815891974
0.478	0.4411378540055381	-0.2613465307542023
0.479	0.44141710804244155	-0.26129731601166384
0.48	0.4416968925038044	-0.2612479366021322
0.481	0.4419772093293058	-0.26119839176122506
0.482	0.4422580604691923	-0.2611486807195715
0.483	0.44253944788438154	-0.2610988027027818
0.484	0.4428213735465389	-0.2610487569314095
0.485	0.4431038394381306	-0.26099854262089467
0.486	0.44338684755253177	-0.2609481589815333
0.487	0.4436703998940814	-0.26089760521842914
0.488	0.4439544984781684	-0.26084688053144606
0.489	0.444239145331329	-0.2607959841151816
0.49	0.4445243424913013	-0.2607449151588981
0.491	0.4448100920071271	-0.2606936728464969
0.492	0.44509639593921996	-0.26064225635646554
0.493	0.44538325635946285	-0.2605906648618335
0.494	0.4456706753512756	-0.26053889753012066
0.495	0.445958655009714	-0.2604869535232992
0.496	0.4462471974415548	-0.2604348319977478
0.497	0.44653630476536094	-0.26038253210418705
0.498	0.44682597911160143	-0.26033005298765427
0.499	0.44711622262271383	-0.2602773937874384
0.5	0.44740703745320154	-0.2602245536370364
0.501	0.4476984257697283	-0.26017153166410817
0.502	0.44799038975119015	-0.26011832699041293
0.503	0.44828293158884264	-0.2600649387317816
0.504	0.4485760534863475	-0.26001136599803965
0.505	0.44886975765990256	-0.25995760789297295
0.506	0.44916404633830603	-0.2599036635142649
0.507	0.4494589217630858	-0.2598495319534613
0.508	0.4497543861885613	-0.2597952122958912
0.509	0.4500504418819528	-0.25974070362063373
0.51	0.4503470911234873	-0.25968600500045497
0.511	0.4506443362064783	-0.2596311155017525
0.512	0.4509421794374467	-0.25957603418450764
0.513	0.45124062313619895	-0.25952076010221753
0.514	0.4515396696359447	-0.2594652923018485
0.515	0.4518393212833969	-0.25940962982377475
0.516	0.45213958043885233	-0.25935377170171425
0.517	0.4524404494763287	-0.2592977169626836
0.518	0.4527419307836537	-0.2592414646269316
0.519	0.45304402676256283	-0.25918501370787433
0.52	0.4533467398288199	-0.2591283632120461
0.521	0.4536500724123123	-0.2590715121390239
0.522	0.4539540269571787	-0.2590144594813825
0.523	0.45425860592190115	-0.2589572042246218
0.524	0.4545638117794193	-0.2588997453471033
0.525	0.4548696470172435	-0.25884208181998775
0.526	0.45517611413757664	-0.2587842126071755
0.527	0.4554832156574192	-0.2587261366652367
0.528	0.45579095410868153	-0.2586678529433441
0.529	0.45609933203830827	-0.2586093603832099
0.53	0.4564083520083902	-0.258550657919017
0.531	0.45671801659629396	-0.2584917444773577
0.532	0.4570283283947668	-0.2584326189771526
0.533	0.45733929001205803	-0.258373280329585
0.534	0.45765090407206205	-0.25831372743804243
0.535	0.45796317321441404	-0.25825395919803135
0.536	0.4582761000946367	-0.2581939744971097
0.537	0.4585896873842467	-0.2581337722148145
0.538	0.458903937770902	-0.25807335122259445
0.539	0.45921885395851925	-0.25801271038373297
0.54	0.45953443866739413	-0.25795184855325776
0.541	0.45985069463434675	-0.25789076457788856
0.542	0.46016762461286514	-0.2578294572959578
0.543	0.46048523137319625	-0.257767925537309
0.544	0.4608035177025231	-0.2577061681232459
0.545	0.46112248640508424	-0.2576441838664403
0.546	0.46144214030231073	-0.25758197157085855
0.547	0.4617624822329607	-0.257519530031667
0.548	0.46208351505327705	-0.2574568580351718
0.549	0.46240524163711305	-0.25739395435871965
0.55	0.46272766487607164	-0.2573308177706138
0.551	0.46305078767967156	-0.2572674470300412
0.552	0.4633746129754678	-0.2572038408869764
0.553	0.4636991437092173	-0.2571399980820994
0.554	0.46402438284502934	-0.25707591734671215
0.555	0.46435033336549425	-0.25701159740263874
0.556	0.4646769982718621	-0.2569470369621486
0.557	0.46500438058418236	-0.2568822347278583
0.558	0.46533248334145627	-0.25681718939264087
0.559	0.4656613096017994	-0.2567518996395355
0.56	0.4659908624426072	-0.2566863641416546
0.561	0.46632114496069466	-0.25662058156208206
0.562	0.4666521602724842	-0.2565545505537909
0.563	0.46698391151414614	-0.25648826975953387
0.564	0.46731640184177553	-0.2564217378117478
0.565	0.4676496344315526	-0.25635495333246205
0.566	0.46798361247992737	-0.2562879149331918
0.567	0.46831833920376653	-0.2562206212148346
0.568	0.46865381784054033	-0.25615307076757604
0.569	0.46899005164849417	-0.25608526217077815
0.57	0.46932704390682384	-0.2560171939928806
0.571	0.46966479791584764	-0.2559488647912839
0.572	0.47000331699720094	-0.2558802731122622
0.573	0.47034260449399223	-0.25581141749082814
0.574	0.47068266377102064	-0.2557422964506484
0.575	0.4710234982149299	-0.25567290850391616
0.576	0.47136511123440833	-0.2556032521512431
0.577	0.47170750626038344	-0.25553332588154615
0.578	0.4720506867462067	-0.25546312817193656
0.579	0.4723946561678358	-0.25539265748758727
0.58	0.47273941802406805	-0.25532191228164575
0.581	0.47308497583667936	-0.25525089099507237
0.582	0.47343133315068336	-0.25517959205656154
0.583	0.47377849353449647	-0.25510801388239734
0.584	0.47412646058014807	-0.25503615487632597
0.585	0.47447523790349366	-0.2549640134294432
0.586	0.47482482914442276	-0.25489158792006555
0.587	0.47517523796706823	-0.254818876713598
0.588	0.4755264680600088	-0.2547458781624012
0.589	0.4758785231365028	-0.2546725906056692
0.59	0.47623140693469806	-0.25459901236929394
0.591	0.4765851232178466	-0.25452514176572794
0.592	0.4769396757745372	-0.254450977093849
0.593	0.4772950684189013	-0.25437651663881966
0.594	0.477651304990879	-0.2543017586719624
0.595	0.4780083893563989	-0.25422670145059467
0.596	0.4783663254076573	-0.2541513432179105
0.597	0.4787251170633241	-0.25407568220281834
0.598	0.47908476826878643	-0.25399971661980025
0.599	0.47944528299639877	-0.2539234446687715
0.6	0.4798066652457194	-0.25384686453491634
0.601	0.48016891904375475	-0.25376997438855114
0.602	0.48053204844521136	-0.2536927723849575
0.603	0.48089605753275017	-0.2536152566642365
0.604	0.48126095041723627	-0.25353742535114987
0.605	0.4816267312379971	-0.2534592765549508
0.606	0.4819934041630851	-0.2533808083692366
0.607	0.48236097338953754	-0.25330201887177645
0.608	0.4827294431436557	-0.2532229061243534
0.609	0.4830988176812484	-0.25314346817258293
0.61	0.4834691012879381	-0.25306370304576137
0.611	0.4838402982794018	-0.25298360875667963
0.612	0.48421241300168094	-0.2529031833014534
0.613	0.4845854498314476	-0.25282242465936017
0.614	0.48495941317628577	-0.2527413307926314
0.615	0.4853343074749965	-0.2526598996463067
0.616	0.48571013719787726	-0.2525781291480246
0.617	0.48608690684701666	-0.2524960172078476
0.618	0.4864646209566052	-0.2524135617180766
0.619	0.4868432840932316	-0.2523307605530587
0.62	0.48722290085618103	-0.2522476115689898
0.621	0.48760347587776154	-0.2521641126037303
0.622	0.4879850138236105	-0.25208026147659984
0.623	0.48836751939299516	-0.25199605598817226
0.624	0.4887509973191659	-0.25191149392009077
0.625	0.4891354523696588	-0.2518265730348444
0.626	0.48952088934663107	-0.25174129107557275
0.627	0.4899073130871958	-0.2516556457658486
0.628	0.49029472846374733	-0.25156963480946365
0.629	0.4906831403843306	-0.251483255890224
0.63	0.49107255379295145	-0.2513965066717157
0.631	0.49146297366993585	-0.25130938479708503
0.632	0.4918544050323161	-0.2512218878888336
0.633	0.4922468529341426	-0.25113401354856646
0.634	0.4926403224668667	-0.2510457593567686
0.635	0.49303481875971683	-0.2509571228725812
0.636	0.4934303469800606	-0.25086810163355616
0.637	0.49382691233376447	-0.2507786931554068
0.638	0.49422452006561696	-0.25068889493179375
0.639	0.494623175459661	-0.2505987044340405
0.64	0.495022883839633	-0.2505081191109189
0.641	0.49542365056932364	-0.250417136388371
0.642	0.4958254810529941	-0.250325753669266
0.643	0.49622838073578024	-0.250233968333136
0.644	0.49663235510409465	-0.2501417777359095
0.645	0.49703740968605914	-0.2500491792096556
0.646	0.49744355005190144	-0.24995617006229737
0.647	0.497850781814401	-0.24986274757734894
0.648	0.4982591106293115	-0.24976890901363355
0.649	0.4986685421958044	-0.24967465160500582
0.65	0.4990790822569059	-0.24957997256005887
0.651	0.4994907365999459	-0.24948486906183998
0.652	0.4999035110570166	-0.24938933826755577
0.653	0.5003174115054237	-0.24929337730827147
0.654	0.5007324438681604	-0.2491969832886128
0.655	0.5011486141143829	-0.24910015328646049
0.656	0.5015659282598811	-0.24900288435263954
0.657	0.501984392367555	-0.24890517351059321
0.658	0.5024040125479359	-0.24880701775609235
0.659	0.5028247949596446	-0.2487084140568742
0.66	0.5032467458099349	-0.248609359352352
0.661	0.5036698713551634	-0.24850985055324906
0.662	0.5040941779013454	-0.24840988454128793
0.663	0.5045196718046557	-0.24830945816883165
0.664	0.5049463594719594	-0.24820856825853882
0.665	0.5053742473613695	-0.24810721160302368
0.666	0.5058033419827745	-0.2480053849644855
0.667	0.5062336498984006	-0.24790308507435257
0.668	0.5066651777233606	-0.24780030863291128
0.669	0.507097932126248	-0.2476970523089395
0.67	0.5075319198296828	-0.24759331273932916
0.671	0.5079671476109164	-0.24748908652869187
0.672	0.5084036223024088	-0.2473843702489829
0.673	0.5088413507924504	-0.24727916043910256
0.674	0.5092803400257344	-0.24717345360448448
0.675	0.5097205970040202	-0.24706724621671836
0.676	0.5101621287867064	-0.24696053471309712
0.677	0.510604942491525	-0.2468533154962451
0.678	0.5110490452951213	-0.24674558493364807
0.679	0.5114944444337584	-0.24663733935726423
0.68	0.5119411472039418	-0.24652857506304904
0.681	0.5123891609631106	-0.24641928831054466
0.682	0.5128384931303069	-0.24630947532240863
0.683	0.513289151186886	-0.24619913228397433
0.684	0.5137411426771723	-0.24608825534276307
0.685	0.5141944752092175	-0.24597684060804306
0.686	0.5146491564554881	-0.24586488415032812
0.687	0.5151051941536111	-0.24575238200090532
0.688	0.515562596107114	-0.24563933015134934
0.689	0.5160213701861494	-0.2455257245529932
0.69	0.5164815243283071	-0.24541156111646575
0.691	0.516943066539328	-0.24529683571112754
0.692	0.5174060048939593	-0.245181544164604
0.693	0.5178703475366795	-0.2450656822622053
0.694	0.5183361026825406	-0.24494924574640636
0.695	0.5188032786179988	-0.24483223031631074
0.696	0.5192718837017174	-0.2447146316270761
0.697	0.5197419263654378	-0.24459644528936636
0.698	0.5202134151148224	-0.24447766686877123
0.699	0.5206863585303126	-0.24435829188521682
0.7	0.5211607652680397	-0.2442383158123885
0.701	0.5216366440607015	-0.24411773407712958
0.702	0.5221140037184687	-0.24399654205881433
0.703	0.5225928531299374	-0.24387473508876048
0.704	0.5230732012630204	-0.2437523084495648
0.705	0.5235550571659414	-0.24362925737449254
0.706	0.5240384299681615	-0.24350557704680037
0.707	0.524523328881416	-0.2433812625991189
0.708	0.5250097632006419	-0.24325630911272933
0.709	0.5254977423050545	-0.2431307116169355
0.71	0.5259872756591176	-0.24300446508832316
0.711	0.5264783728136438	-0.24287756445010492
0.712	0.5269710434068008	-0.24275000457136384
0.713	0.5274652971652302	-0.2426217802663538
0.714	0.5279611439051138	-0.24249288629375457
0.715	0.5284585935333004	-0.2423633173559192
0.716	0.5289576560484135	-0.2422330680981035
0.717	0.52945834154204	-0.2421021331077267
0.718	0.5299606601998416	-0.24197050691353403
0.719	0.5304646223027859	-0.24183818398484058
0.72	0.5309702382283146	-0.24170515873068749
0.721	0.5314775184515848	-0.2415714254990271
0.722	0.5319864735467017	-0.24143697857588037
0.723	0.5324971141879946	-0.2413018121844916
0.724	0.5330094511512795	-0.2411659204844301
0.725	0.5335234953151836	-0.24102929757074018
0.726	0.5340392576624569	-0.24089193747302245
0.727	0.5345567492813306	-0.2407538341545242
0.728	0.5350759813668716	-0.2406149815112017
0.729	0.535596965222393	-0.24047537337078648
0.73	0.5361197122608656	-0.24033500349181836
0.731	0.5366442340063521	-0.24019386556266392
0.732	0.5371705420954608	-0.24005195320051184
0.733	0.5376986482788867	-0.239909259950395
0.734	0.5382285644228479	-0.23976577928411047
0.735	0.5387603025106895	-0.23962150459920373
0.736	0.5392938746444217	-0.23947642921789894
0.737	0.5398292930463302	-0.2393305463860052
0.738	0.540366570060571	-0.23918384927180714
0.739	0.5409057181548469	-0.23903633096495033
0.74	0.541446749922076	-0.23888798447529613
0.741	0.5419896780820983	-0.23873880273175282
0.742	0.5425345154834208	-0.2385887785810913
0.743	0.5430812751049622	-0.23843790478673102
0.744	0.5436299700579001	-0.23828617402753197
0.745	0.5441806135874451	-0.23813357889651432
0.746	0.5447332190747564	-0.23798011189961168
0.747	0.5452878000388024	-0.2378257654543519
0.748	0.5458443701383145	-0.23767053188855286
0.749	0.5464029431737524	-0.23751440343897384
0.75	0.5469635330892961	-0.23735737224993472
0.751	0.5475261539748961	-0.23719943037193472
0.752	0.548090820068341	-0.23704056976022198
0.753	0.5486575457573866	-0.2368807822733548
0.754	0.5492263455819004	-0.23672005967172052
0.755	0.549797234236049	-0.23655839361603115
0.756	0.5503702265705515	-0.23639577566580341
0.757	0.5509453375949357	-0.23623219727778239
0.758	0.5515225824798775	-0.23606764980437228
0.759	0.5521019765595497	-0.23590212449199854
0.76	0.5526835353340298	-0.23573561247946517
0.761	0.553267274471774	-0.23556810479628346
0.762	0.5538532098120971	-0.23539959236093635
0.763	0.5544413573677133	-0.23523006597913348
0.764	0.5550317333273772	-0.23505951634205582
0.765	0.5556243540584817	-0.23488793402450184
0.766	0.5562192361097912	-0.23471530948305772
0.767	0.5568163962141822	-0.23454163305420364
0.768	0.5574158512914492	-0.23436689495238305
0.769	0.558017618451173	-0.23419108526804397
0.77	0.55862171499564	-0.23401419396563009
0.771	0.5592281584228067	-0.23383621088154094
0.772	0.559836966429355	-0.23365712572204608
0.773	0.5604481569137747	-0.23347692806114817
0.774	0.5610617479795305	-0.23329560733843033
0.775	0.5616777579382815	-0.23311315285682152
0.776	0.5622962053131896	-0.23292955378036012
0.777	0.5629171088422434	-0.23274479913186186
0.778	0.5635404874817151	-0.2325588777905844
0.779	0.5641663604096346	-0.23237177848981194
0.78	0.5647947470293896	-0.2321834898144196
0.781	0.5654256669733249	-0.23199400019834213
0.782	0.5660591401065092	-0.23180329792204749
0.783	0.5666951865304948	-0.23161137110989552
0.784	0.5673338265872351	-0.23141820772750557
0.785	0.5679750808630096	-0.2312237955790007
0.786	0.5686189701924816	-0.23102812230424044
0.787	0.5692655156628443	-0.2308311753759824
0.788	0.5699147386180459	-0.23063294209698823
0.789	0.5705666606630699	-0.23043340959703146
0.79	0.5712213036683651	-0.23023256482988735
0.791	0.5718786897743674	-0.23003039457023905
0.792	0.5725388413960615	-0.2298268854104901
0.793	0.5732017812277195	-0.22962202375756163
0.794	0.5738675322476946	-0.2294157958295599
0.795	0.5745361177233491	-0.229208187652414
0.796	0.5752075612160522	-0.2289991850563946
0.797	0.5758818865863617	-0.22878877367261474
0.798	0.5765591179992519	-0.22857693892938352
0.799	0.5772392799295123	-0.22836366604854383
0.8	0.5779223971672035	-0.22814894004163808
0.801	0.578608494823342	-0.22793274570610234
0.802	0.5792975983356147	-0.22771506762126703
0.803	0.5799897334742774	-0.22749589014431304
0.804	0.5806849263482038	-0.22727519740615731
0.805	0.5813832034110195	-0.2270529733071624
0.806	0.5820845914674517	-0.22682920151284308
0.807	0.582789117679769	-0.2266038654493891
0.808	0.5834968095744066	-0.22637694829912625
0.809	0.5842076950487645	-0.22614843299587167
0.81	0.5849218023781192	-0.22591830222013623
0.811	0.5856391602227586	-0.2256865383942578
0.812	0.5863597976352478	-0.22545312367738773
0.813	0.5870837440678996	-0.22521803996035927
0.814	0.5878110293804284	-0.22498126886044426
0.815	0.588541683847769	-0.2247427917159561
0.816	0.5892757381681297	-0.22450258958074878
0.817	0.5900132234711952	-0.22426064321853237
0.818	0.5907541713266	-0.22401693309710732
0.819	0.5914986137525606	-0.22377143938239868
0.82	0.5922465832247473	-0.22352414193235665
0.821	0.5929981126854162	-0.22327502029072907
0.822	0.5937532355527028	-0.22302405368061734
0.823	0.5945119857302364	-0.22277122099792138
0.824	0.5952743976169542	-0.22251650080457952
0.825	0.5960405061171903	-0.22225987132164232
0.826	0.5968103466510193	-0.22200131042216653
0.827	0.5975839551648935	-0.22174079562390864
0.828	0.5983613681425591	-0.22147830408185581
0.829	0.5991426226162495	-0.2212138125805158
0.83	0.599927756178185	-0.22094729752601505
0.831	0.6007168069924052	-0.22067873493800175
0.832	0.601509813806919	-0.22040810044130724
0.833	0.6023068159661441	-0.22013536925736696
0.834	0.6031078534237727	-0.21986051619545216
0.835	0.6039129667559067	-0.21958351564359707
0.836	0.604722197174627	-0.21930434155931333
0.837	0.6055355865419362	-0.21902296746005318
0.838	0.6063531773840319	-0.21873936641334737
0.839	0.607175012906086	-0.21845351102672853
0.84	0.6080011370073743	-0.21816537343731865
0.841	0.6088315942968573	-0.2178749253011277
0.842	0.6096664301092587	-0.21758213778207705
0.843	0.6105056905215376	-0.2172869815406399
0.844	0.6113494223699113	-0.21698942672219612
0.845	0.6121976732673567	-0.21668944294503528
0.846	0.6130504916216165	-0.21638699928797547
0.847	0.6139079266537759	-0.21608206427764512
0.848	0.6147700284173983	-0.21577460587537464
0.849	0.6156368478181875	-0.2154645914636475
0.85	0.6165084366343552	-0.2151519878322209
0.851	0.6173848475375081	-0.21483676116373338
0.852	0.6182661341142534	-0.21451887701892075
0.853	0.6191523508884387	-0.21419830032135084
0.854	0.6200435533441303	-0.21387499534168194
0.855	0.6209397979492679	-0.21354892568142111
0.856	0.6218411421801261	-0.21322005425617657
0.857	0.622747644546502	-0.21288834327834916
0.858	0.6236593646177866	-0.21255375423929834
0.859	0.6245763630498127	-0.21221624789089102
0.86	0.6254987016126419	-0.2118757842264884
0.861	0.6264264432192148	-0.2115323224612545
0.862	0.6273596519549995	-0.2111858210118609
0.863	0.6282983931086036	-0.21083623747547098
0.864	0.6292427332034218	-0.21048352860804537
0.865	0.6301927400303786	-0.21012765030189756
0.866	0.6311484826817455	-0.2097685575624688
0.867	0.6321100315861814	-0.20940620448433325
0.868	0.633077458544937	-0.20904054422634114
0.869	0.6340508367693392	-0.20867152898588207
0.87	0.6350302409196399	-0.20829910997230622
0.871	0.6360157471451795	-0.2079232373793202
0.872	0.6370074331259968	-0.20754386035641517
0.873	0.6380053781160078	-0.20716092697932054
0.874	0.6390096629876358	-0.2067743842192794
0.875	0.640020370278201	-0.20638417791130803
0.876	0.641037584237907	-0.2059902527211777
0.877	0.6420613908797217	-0.2055925521112625
0.878	0.6430918780310035	-0.20519101830500297
0.879	0.6441291353872086	-0.20478559225011725
0.88	0.6451732545675373	-0.2043762135803319
0.881	0.6462243291728039	-0.2039628205757029
0.882	0.6472824548454482	-0.20354535012130928
0.883	0.6483477293320085	-0.20312373766443118
0.884	0.6494202525479646	-0.20269791716995783
0.885	0.6505001266451753	-0.20226782107402635
0.886	0.6515874560820517	-0.20183338023584338
0.887	0.6526823476965268	-0.2013945238874949
0.888	0.6537849107820249	-0.20095117958174122
0.889	0.654895257166513	-0.20050327313761684
0.89	0.656013501294908	-0.20005072858382014
0.891	0.6571397603148421	-0.19959346809965878
0.892	0.6582741541661105	-0.19913141195352954
0.893	0.6594168056739144	-0.19866447843875382
0.894	0.660567840646101	-0.1981925838066301
0.895	0.6617273879746446	-0.1977156421965794
0.896	0.6628955797415573	-0.19723356556319638
0.897	0.6640725513294763	-0.19674626360005767
0.898	0.6652584415372367	-0.196253643660141
0.899	0.6664533927005666	-0.1957556106725677
0.9	0.6676575508183794	-0.19525206705561454
0.901	0.6688710656847827	-0.19474291262562823
0.902	0.6700940910272534	-0.19422804450172346
0.903	0.6713267846513177	-0.19370735700598665
0.904	0.6725693085920067	-0.1931807415588852
0.905	0.6738218292726608	-0.19264808656969135
0.906	0.6750845176713047	-0.19210927732150682
0.907	0.6763575494952387	-0.19156419585069073
0.908	0.6776411053641977	-0.19101272082025625
0.909	0.6789353710026687	-0.19045472738691474
0.91	0.6802405374418915	-0.18989008706135674
0.911	0.6815568012321908	-0.1893186675613692
0.912	0.6828843646662148	-0.18874033265730467
0.913	0.6842234360138265	-0.188154942009434
0.914	0.6855742297694138	-0.1875623509966858
0.915	0.686936966912313	-0.18696241053612547
0.916	0.6883118751813593	-0.18635496689267791
0.917	0.6896991893643533	-0.18573986147832294
0.918	0.6910991516035647	-0.18511693064015844
0.919	0.6925120117182704	-0.18448600543648433
0.92	0.6939380275455476	-0.18384691140011797
0.921	0.695377465300624	-0.18319946828807598
0.922	0.6968305999580644	-0.182543489816571
0.923	0.6982977156553285	-0.1818787833803124
0.924	0.6997791061203965	-0.18120514975500837
0.925	0.7012750751251023	-0.18052238278176005
0.926	0.7027859369661236	-0.17983026903201677
0.927	0.70431201697576	-0.17912858745164387
0.928	0.7058536520646939	-0.17841710898245589
0.929	0.7074111912992176	-0.17769559615947952
0.93	0.7089849965157353	-0.17696380268207396
0.931	0.7105754429752819	-0.17622147295669227
0.932	0.712182920061557	-0.1754683416091613
0.933	0.7138078320257342	-0.1747041329637356
0.934	0.7154505987822244	-0.17392856048639904
0.935	0.7171116567594583	-0.17314132618917258
0.936	0.7187914598104748	-0.17234211999215848
0.937	0.7204904801885897	-0.17153061903964775
0.938	0.7222092095936709	-0.17070648696609134
0.939	0.7239481602956191	-0.16986937310754563
0.94	0.7257078663418544	-0.16901891165347002
0.941	0.7274888848567449	-0.16815472073338775
0.942	0.7292917974415238	-0.16727640143215924
0.943	0.7311172116843933	-0.1663835367270326
0.944	0.7329657627915268	-0.1654756903387475
0.945	0.7348381153509267	-0.1645524054881131
0.946	0.7367349652426282	-0.16361320354845532
0.947	0.7386570417102287	-0.16265758258310234
0.948	0.7406051096106777	-0.16168501575580738
0.949	0.7425799718613371	-0.16069494960039082
0.95	0.7445824721058143	-0.15968680213419145
0.951	0.7466134976228597	-0.15865996079784392
0.952	0.7486739825058222	-0.1576137802015176
0.953	0.750764911144019	-0.15654757965512667
0.954	0.752887322041647	-0.15546064045674216
0.955	0.7550423120149271	-0.15435220290982993
0.956	0.7572310408141837	-0.15322146303562093
0.957	0.7594547362245162	-0.15206756894189583
0.958	0.7617146997067071	-0.1508896168034486
0.959	0.7640123126498853	-0.1496866464026019
0.96	0.7663490433187198	-0.1484576361697798
0.961	0.7687264545915331	-0.14720149765426316
0.962	0.7711462126019266	-0.14591706934350393
0.963	0.7736100964159046	-0.1446031097351818
0.964	0.7761200088998295	-0.1432582895491126
0.965	0.7786779889630701	-0.14188118294566812
0.966	0.7812862253931899	-0.14047025759190346
0.967	0.7839470725439358	-0.13902386338619144
0.968	0.786663068188008	-0.13754021961429203
0.969	0.7894369539102187	-0.13601740026293438
0.97	0.7922716984965105	-0.13445331715892964
0.971	0.7951705248739221	-0.1328457005290175
0.972	0.798136941282046	-0.13119207648343234
0.973	0.8011747775164815	-0.12948974080951256
0.974	0.8042882272891769	-0.12773572831178395
0.975	0.8074818980147981	-0.12592677674134184
0.976	0.8107608696768437	-0.1240592841051467
0.977	0.8141307648803945	-0.12212925781330093
0.978	0.8175978328019291	-0.12013225368036495
0.979	0.8211690505582073	-0.11806330220151781
0.98	0.8248522466221475	-0.11591681871343326
0.981	0.8286562524409232	-0.11368649293010033
0.982	0.8325910905509909	-0.111365151774419
0.983	0.8366682105321118	-0.10894458719220156
0.984	0.8409007885590107	-0.10641533739671158
0.985	0.8453041128381019	-0.10376640520549288
0.986	0.8498960870809301	-0.10098488990072009
0.987	0.8546978994401602	-0.09805549785199813
0.988	0.8597349286471924	-0.09495987932918307
0.989	0.8650379990329056	-0.09167570968474516
0.99	0.8706451641487575	-0.08817538328673857
0.991	0.8766043195788688	-0.08442410015742384
0.992	0.882977171199941	-0.08037696027921122
0.993	0.8898455322516207	-0.07597435383904855
0.994	0.8973218751753127	-0.0711342401089805
0.995	0.9055682875876643	-0.06573828527603752
0.996	0.9148338251311002	-0.059604568568746345
0.997	0.9255383211322273	-0.052426399030591896
0.998	0.9385018536814863	-0.043604955640566406
0.999	0.9558469139969009	-0.031591642321124165
