0.0	0.4575955116298528	-0.09500442581947206
0.001	0.45773805456674355	-0.09500310469592094
0.002	0.4578807415067703	-0.0950017687632412
0.003	0.45802357271627825	-0.09500041798296648
0.004	0.458166548462347	-0.09499905231650609
0.005	0.45830966901273223	-0.09499767172443019
0.006	0.4584529346361873	-0.0949962761700129
0.007	0.4585963456018234	-0.09499486561214816
0.008	0.45873990217975713	-0.09499344001243515
0.009	0.45888360464078953	-0.09499199933162926
0.01	0.45902745325640665	-0.09499054352963701
0.011	0.45917144829911555	-0.09498907256910716
0.012	0.4593155900417861	-0.09498758640824273
0.013	0.4594598787583106	-0.09498608500799137
0.014	0.45960431472328206	-0.09498456832844422
0.015	0.45974889821205817	-0.0949830363295568
0.016	0.45989362950076473	-0.09498148897115316
0.017	0.4600385088663047	-0.09497992621291948
0.018	0.460183536586353	-0.0949783480144068
0.019	0.46032871293936267	-0.0949767543350266
0.02	0.4604740382045695	-0.0949751451340555
0.021	0.4606195126619937	-0.09497352037063078
0.022	0.4607651365924406	-0.09497188000375138
0.023	0.46091091027750847	-0.09497022399227717
0.024	0.46105683399958564	-0.09496855229492646
0.025	0.46120290804186015	-0.09496686487028036
0.026	0.4613491326883162	-0.09496516167677527
0.027	0.4614955082237428	-0.09496344267270736
0.028	0.4616420349337316	-0.0949617078162328
0.029	0.46178871310468567	-0.09495995706536084
0.03	0.4619355430238164	-0.09495819037795789
0.031	0.4620825249791535	-0.0949564077117525
0.032	0.4622296592595408	-0.09495460902431539
0.033	0.4623769461546446	-0.09495279427308743
0.034	0.4625243859549559	-0.09495096341535243
0.035	0.46267197895179274	-0.09494911640825146
0.036	0.462819725437301	-0.09494725320877752
0.037	0.4629676257044641	-0.094945373773778
0.038	0.4631156800470991	-0.09494347805994674
0.039	0.46326388875986513	-0.0949415660238364
0.04	0.4634122521382627	-0.09493963762184071
0.041	0.46356077047863964	-0.09493769281021011
0.042	0.463709444078195	-0.09493573154503776
0.043	0.4638582732349775	-0.09493375378227212
0.044	0.4640072582478958	-0.09493175947770309
0.045	0.4641563994167173	-0.09492974858697088
0.046	0.46430569704206914	-0.09492772106556098
0.047	0.4644551514254498	-0.09492567686880421
0.048	0.46460476286922486	-0.09492361595187535
0.049	0.4647545316766335	-0.09492153826979685
0.05	0.46490445815179077	-0.09491944377743014
0.051	0.4650545425996922	-0.09491733242948401
0.052	0.46520478532621784	-0.0949152041805047
0.053	0.46535518663813386	-0.09491305898488472
0.054	0.4655057468430953	-0.09491089679685456
0.055	0.4656564662496528	-0.09490871757048591
0.056	0.46580734516725325	-0.09490652125968674
0.057	0.46595838390624517	-0.09490430781820958
0.058	0.4661095827778819	-0.09490207719964018
0.059	0.46626094209432306	-0.09489982935740239
0.06	0.4664124621686412	-0.09489756424475923
0.061	0.46656414331482343	-0.09489528181480604
0.062	0.466715985847776	-0.09489298202047397
0.063	0.4668679900833269	-0.09489066481453147
0.064	0.467020156338231	-0.0948883301495772
0.065	0.4671724849301725	-0.0948859779780472
0.066	0.4673249761777671	-0.09488360825220261
0.067	0.46747763040057105	-0.0948812209241421
0.068	0.46763044791907976	-0.09487881594579409
0.069	0.4677834290547314	-0.09487639326891206
0.07	0.46793657412991585	-0.09487395284508562
0.071	0.4680898834679717	-0.09487149462573026
0.072	0.46824335739319617	-0.09486901856208481
0.073	0.46839699623084413	-0.09486652460522293
0.074	0.4685508003071345	-0.09486401270603682
0.075	0.46870476994925514	-0.09486148281525013
0.076	0.46885890548536263	-0.09485893488340393
0.077	0.4690132072445908	-0.09485636886087197
0.078	0.4691676755570509	-0.09485378469784565
0.079	0.4693223107538383	-0.09485118234433818
0.08	0.4694771131670345	-0.09484856175018419
0.081	0.4696320831297128	-0.09484592286504247
0.082	0.4697872209759414	-0.094843265638389
0.083	0.46994252704078465	-0.09484059001951725
0.084	0.4700980016603146	-0.09483789595754107
0.085	0.47025364517160717	-0.09483518340139352
0.086	0.4704094579127493	-0.09483245229981892
0.087	0.47056544022284424	-0.09482970260137993
0.088	0.47072159244201395	-0.09482693425445585
0.089	0.4708779149114041	-0.09482414720723892
0.09	0.4710344079731878	-0.09482134140773169
0.091	0.47119107197056914	-0.09481851680375389
0.092	0.4713479072477902	-0.09481567334293253
0.093	0.4715049141501314	-0.09481281097270787
0.094	0.47166209302391815	-0.09480992964032994
0.095	0.4718194442165249	-0.0948070292928543
0.096	0.47197696807637823	-0.09480410987714787
0.097	0.4721346649529628	-0.09480117133988483
0.098	0.4722925351968257	-0.09479821362754483
0.099	0.4724505791595774	-0.09479523668641078
0.1	0.4726087971939012	-0.09479224046257373
0.101	0.4727671896535532	-0.0947892249019251
0.102	0.4729257568933719	-0.09478618995016333
0.103	0.473084499269276	-0.0947831355527819
0.104	0.47324341713827317	-0.09478006165508175
0.105	0.47340251085846563	-0.09477696820216146
0.106	0.47356178078905	-0.09477385513891572
0.107	0.4737212272903258	-0.09477072241004304
0.108	0.47388085072370006	-0.09476756996003341
0.109	0.4740406514516875	-0.09476439773317641
0.11	0.47420062983792166	-0.09476120567355806
0.111	0.4743607862471533	-0.09475799372505395
0.112	0.4745211210452605	-0.0947547618313399
0.113	0.47468163459924856	-0.09475150993587643
0.114	0.47484232727725684	-0.09474823798192161
0.115	0.4750031994485668	-0.09474494591252043
0.116	0.47516425148359925	-0.09474163367050874
0.117	0.4753254837539266	-0.09473830119851372
0.118	0.47548689663227095	-0.09473494843894495
0.119	0.4756484904925172	-0.09473157533400203
0.12	0.47581026570970925	-0.09472818182566743
0.121	0.4759722226600596	-0.094724767855713
0.122	0.4761343617209556	-0.09472133336569082
0.123	0.4762966832709586	-0.0947178782969339
0.124	0.47645918768981615	-0.094714402590561
0.125	0.4766218753584607	-0.09471090618746623
0.126	0.4767847466590182	-0.09470738902833001
0.127	0.4769478019748131	-0.09470385105360557
0.128	0.4771110416903717	-0.09470029220352441
0.129	0.47727446619142777	-0.0946967124180974
0.13	0.47743807586492876	-0.09469311163710586
0.131	0.47760187109903995	-0.09468948980011312
0.132	0.4777658522831495	-0.09468584684644592
0.133	0.4779300198078751	-0.09468218271521178
0.134	0.4780943740650664	-0.09467849734528187
0.135	0.4782589154478147	-0.09467479067530357
0.136	0.47842364435045254	-0.09467106264368993
0.137	0.47858856116856496	-0.09466731318862226
0.138	0.4787536662989887	-0.09466354224804889
0.139	0.47891896013982305	-0.0946597497596821
0.14	0.47908444309043297	-0.09465593566100164
0.141	0.4792501155514539	-0.09465209988924701
0.142	0.47941597792479956	-0.0946482423814251
0.143	0.479582030613662	-0.0946443630742953
0.144	0.4797482740225252	-0.09464046190438687
0.145	0.4799147085571633	-0.09463653880797838
0.146	0.48008133462465163	-0.0946325937211141
0.147	0.4802481526333676	-0.09462862657959037
0.148	0.4804151629930011	-0.09462463731895919
0.149	0.4805823661145548	-0.09462062587452778
0.15	0.48074976241035483	-0.09461659218135342
0.151	0.48091735229405574	-0.09461253617424986
0.152	0.4810851361806423	-0.09460845778777713
0.153	0.4812531144864388	-0.09460435695624778
0.154	0.4814212876291155	-0.09460023361371799
0.155	0.4815896560276912	-0.0945960876939944
0.156	0.4817582201025437	-0.09459191913063095
0.157	0.48192698027540976	-0.0945877278569199
0.158	0.4820959369693966	-0.09458351380590305
0.159	0.4822650906089855	-0.09457927691035976
0.16	0.48243444162003785	-0.09457501710281241
0.161	0.4826039904298013	-0.09457073431552115
0.162	0.4827737374669149	-0.09456642848048635
0.163	0.4829436831614188	-0.09456209952944113
0.164	0.48311382794475527	-0.09455774739386133
0.165	0.48328417224978026	-0.09455337200494962
0.166	0.48345471651076427	-0.09454897329364474
0.167	0.4836254611634023	-0.0945445511906174
0.168	0.48379640664481993	-0.09454010562626777
0.169	0.4839675533935791	-0.09453563653072852
0.17	0.48413890184968067	-0.09453114383385178
0.171	0.4843104524545792	-0.0945266274652261
0.172	0.48448220565118216	-0.09452208735415653
0.173	0.48465416188385857	-0.09451752342967704
0.174	0.48482632159844635	-0.09451293562054161
0.175	0.4849986852422604	-0.09450832385522545
0.176	0.48517125326409183	-0.09450368806192351
0.177	0.4853440261142269	-0.09449902816854985
0.178	0.48551700424444016	-0.09449434410273246
0.179	0.4856901881080113	-0.09448963579181686
0.18	0.48586357815972747	-0.09448490316286166
0.181	0.48603717485589165	-0.09448014614264058
0.182	0.4862109786543276	-0.09447536465763093
0.183	0.4863849900143879	-0.09447055863402819
0.184	0.48655920939696184	-0.09446572799773194
0.185	0.4867336372644786	-0.0944608726743477
0.186	0.48690827408092197	-0.09445599258919037
0.187	0.48708312031182655	-0.09445108766727167
0.188	0.4872581764242935	-0.09444615783330981
0.189	0.48743344288699497	-0.09444120301172558
0.19	0.4876089201701806	-0.09443622312663617
0.191	0.4877846087456852	-0.0944312181018563
0.192	0.4879605090869334	-0.09442618786089699
0.193	0.4881366216689541	-0.09442113232696607
0.194	0.488312946968379	-0.09441605142296045
0.195	0.4884894854634562	-0.09441094507147489
0.196	0.48866623763405426	-0.09440581319478618
0.197	0.48884320396167097	-0.09440065571486614
0.198	0.48902038492944155	-0.09439547255337286
0.199	0.48919778102214395	-0.09439026363164353
0.2	0.4893753927262075	-0.09438502887070553
0.201	0.4895532205297226	-0.0943797681912653
0.202	0.48973126492244506	-0.09437448151371017
0.203	0.4899095263958058	-0.09436916875810837
0.204	0.4900880054429168	-0.09436382984420119
0.205	0.49026670255858196	-0.09435846469140853
0.206	0.4904456182393005	-0.09435307321882187
0.207	0.4906247529832814	-0.09434765534520853
0.208	0.490804107290443	-0.09434221098899988
0.209	0.49098368166242895	-0.09433674006830643
0.21	0.4911634766026099	-0.09433124250089295
0.211	0.49134349261609445	-0.09432571820419837
0.212	0.4915237302097396	-0.09432016709532388
0.213	0.49170418989215314	-0.09431458909103098
0.214	0.4918848721737078	-0.09430898410774188
0.215	0.4920657775665448	-0.09430335206153484
0.216	0.4922469065845852	-0.09429769286814961
0.217	0.49242825974353743	-0.09429200644297728
0.218	0.492609837560904	-0.09428629270106292
0.219	0.4927916405559928	-0.09428055155710283
0.22	0.4929736692499236	-0.09427478292544146
0.221	0.49315592416563786	-0.0942689867200739
0.222	0.4933384058279056	-0.09426316285463877
0.223	0.49352111476333693	-0.0942573112424165
0.224	0.49370405150038754	-0.09425143179633443
0.225	0.49388721656936874	-0.09424552442895703
0.226	0.49407061050245765	-0.09423958905248708
0.227	0.4942542338337038	-0.09423362557876402
0.228	0.49443808709903986	-0.09422763391926235
0.229	0.4946221708362892	-0.09422161398508666
0.23	0.4948064855851765	-0.09421556568697717
0.231	0.49499103188733495	-0.09420948893529825
0.232	0.49517581028631713	-0.0942033836400415
0.233	0.4953608213276029	-0.09419724971082509
0.234	0.49554606555860914	-0.09419108705688856
0.235	0.4957315435286997	-0.09418489558709349
0.236	0.4959172557891935	-0.09417867520991641
0.237	0.4961032028933756	-0.09417242583345425
0.238	0.496289385396504	-0.09416614736541953
0.239	0.49647580385582185	-0.09415983971313384
0.24	0.49666245883056753	-0.09415350278353002
0.241	0.49684935088197923	-0.0941471364831517
0.242	0.49703648057331173	-0.09414074071814525
0.243	0.4972238484698411	-0.09413431539426649
0.244	0.49741145513887636	-0.09412786041686631
0.245	0.4975993011497679	-0.09412137569090212
0.246	0.49778738707392156	-0.09411486112092608
0.247	0.4979757134848036	-0.09410831661108558
0.248	0.4981642809579513	-0.09410174206512138
0.249	0.4983530900709896	-0.09409513738636895
0.25	0.49854214140363184	-0.09408850247774872
0.251	0.4987314355376953	-0.09408183724176916
0.252	0.49892097305711364	-0.09407514158052392
0.253	0.4991107545479416	-0.09406841539568955
0.254	0.4993007805983697	-0.0940616585885226
0.255	0.4994910517987319	-0.09405487105985673
0.256	0.49968156874152003	-0.09404805271009897
0.257	0.4998723320213892	-0.09404120343923508
0.258	0.5000633422351739	-0.09403432314681595
0.259	0.5002545999818943	-0.0940274117319659
0.26	0.5004461058627706	-0.09402046909336963
0.261	0.5006378604812312	-0.09401349512928167
0.262	0.500829864442926	-0.09400648973751592
0.263	0.5010221183557353	-0.09399945281544476
0.264	0.5012146228297826	-0.09399238425999609
0.265	0.5014073784774444	-0.09398528396765275
0.266	0.5016003859133635	-0.09397815183445031
0.267	0.5017936457544582	-0.09397098775597448
0.268	0.5019871586199344	-0.09396379162735388
0.269	0.5021809251312985	-0.09395656334326499
0.27	0.5023749459123665	-0.09394930279792216
0.271	0.5025692215892765	-0.09394200988508371
0.272	0.5027637527905021	-0.09393468449804303
0.273	0.5029585401468617	-0.09392732652962468
0.274	0.503153584291533	-0.09391993587218808
0.275	0.5033488858600609	-0.09391251241761954
0.276	0.5035444454903744	-0.09390505605733165
0.277	0.503740263822795	-0.09389756668226247
0.278	0.5039363415000502	-0.09389004418286838
0.279	0.5041326791672867	-0.09388248844912638
0.28	0.5043292774720811	-0.09387489937052641
0.281	0.5045261370644519	-0.09386727683607334
0.282	0.5047232585968741	-0.09385962073428311
0.283	0.5049206427242918	-0.09385193095317354
0.284	0.5051182901041253	-0.09384420738027349
0.285	0.5053162013962939	-0.09383644990260855
0.286	0.5055143772632189	-0.09382865840670804
0.287	0.5057128183698428	-0.09382083277859192
0.288	0.5059115253836386	-0.09381297290377913
0.289	0.5061104989746242	-0.09380507866727412
0.29	0.5063097398153773	-0.09379714995357057
0.291	0.5065092485810458	-0.09378918664664757
0.292	0.5067090259493618	-0.09378118862996437
0.293	0.5069090726006565	-0.0937731557864602
0.294	0.5071093892178709	-0.0937650879985474
0.295	0.5073099764865748	-0.09375698514811692
0.296	0.5075108350949721	-0.09374884711652112
0.297	0.5077119657339235	-0.09374067378458584
0.298	0.5079133690969523	-0.09373246503259687
0.299	0.5081150458802649	-0.09372422074030241
0.3	0.508316996782761	-0.09371594078690516
0.301	0.5085192225060481	-0.09370762505106574
0.302	0.5087217237544585	-0.09369927341089397
0.303	0.5089245012350585	-0.09369088574394689
0.304	0.5091275556576685	-0.09368246192722869
0.305	0.509330887734873	-0.0936740018371827
0.306	0.5095344981820373	-0.09366550534968938
0.307	0.5097383877173229	-0.0936569723400694
0.308	0.5099425570617007	-0.09364840268307024
0.309	0.5101470069389662	-0.09363979625287001
0.31	0.5103517380757542	-0.09363115292307084
0.311	0.5105567512015554	-0.09362247256669919
0.312	0.5107620470487302	-0.09361375505619499
0.313	0.5109676263525251	-0.09360500026341821
0.314	0.5111734898510871	-0.09359620805963736
0.315	0.5113796382854788	-0.09358737831553016
0.316	0.5115860723996948	-0.09357851090117773
0.317	0.5117927929406785	-0.09356960568606448
0.318	0.5119998006583362	-0.09356066253906871
0.319	0.5122070963055524	-0.0935516813284677
0.32	0.512414680638209	-0.0935426619219242
0.321	0.5126225544151992	-0.09353360418649222
0.322	0.5128307183984421	-0.09352450798860483
0.323	0.5130391733529023	-0.09351537319407652
0.324	0.5132479200466064	-0.09350619966809938
0.325	0.5134569592506558	-0.09349698727523421
0.326	0.5136662917392474	-0.09348773587941252
0.327	0.513875918289688	-0.09347844534392877
0.328	0.5140858396824136	-0.09346911553144195
0.329	0.5142960567010031	-0.09345974630396103
0.33	0.5145065701321986	-0.0934503375228562
0.331	0.5147173807659204	-0.09344088904884129
0.332	0.5149284893952875	-0.09343140074197694
0.333	0.5151398968166309	-0.09342187246166592
0.334	0.5153516038295145	-0.0934123040666473
0.335	0.51556361123675	-0.09340269541499621
0.336	0.5157759198444202	-0.09339304636411346
0.337	0.51598853046189	-0.09338335677072797
0.338	0.5162014439018303	-0.0933736264908876
0.339	0.5164146609802314	-0.09336385537995977
0.34	0.5166281825164271	-0.093354043292623
0.341	0.5168420093331068	-0.09334419008286673
0.342	0.5170561422563409	-0.09333429560398424
0.343	0.5172705821155921	-0.09332435970856555
0.344	0.5174853297437418	-0.09331438224850268
0.345	0.5177003859771043	-0.09330436307497628
0.346	0.5179157516554471	-0.09329430203845343
0.347	0.5181314276220113	-0.09328419898868717
0.348	0.51834741472353	-0.09327405377470738
0.349	0.5185637138102474	-0.09326386624481751
0.35	0.5187803257359407	-0.09325363624659319
0.351	0.5189972513579384	-0.0932433636268715
0.352	0.5192144915371399	-0.09323304823175457
0.353	0.5194320471380359	-0.09322268990659846
0.354	0.51964991902873	-0.09321228849601064
0.355	0.5198681080809592	-0.09320184384384649
0.356	0.5200866151701109	-0.09319135579320105
0.357	0.5203054411752495	-0.09318082418640945
0.358	0.5205245869791314	-0.09317024886503979
0.359	0.5207440534682316	-0.09315962966988664
0.36	0.5209638415327597	-0.09314896644096717
0.361	0.5211839520666833	-0.09313825901751803
0.362	0.5214043859677536	-0.09312750723798986
0.363	0.5216251441375194	-0.09311671094004073
0.364	0.5218462274813545	-0.09310586996052987
0.365	0.5220676369084786	-0.09309498413551902
0.366	0.5222893733319786	-0.09308405330026352
0.367	0.5225114376688292	-0.09307307728920122
0.368	0.5227338308399214	-0.093062055935958
0.369	0.522956553770078	-0.09305098907333699
0.37	0.5231796073880801	-0.09303987653331347
0.371	0.5234029926266905	-0.09302871814703073
0.372	0.523626710422675	-0.09301751374479257
0.373	0.5238507617168263	-0.09300626315606347
0.374	0.5240751474539885	-0.09299496620945333
0.375	0.5242998685830801	-0.09298362273272459
0.376	0.5245249260571171	-0.09297223255277565
0.377	0.524750320833238	-0.09296079549564118
0.378	0.5249760538727266	-0.09294931138648801
0.379	0.5252021261410399	-0.09293778004960249
0.38	0.5254285386078271	-0.09292620130839314
0.381	0.5256552922469591	-0.0929145749853763
0.382	0.5258823880365509	-0.0929029009021821
0.383	0.5261098269589883	-0.09289117887953612
0.384	0.5263376100009505	-0.0928794087372605
0.385	0.526565738153441	-0.0928675902942678
0.386	0.5267942124118051	-0.09285572336855469
0.387	0.5270230337757649	-0.09284380777719217
0.388	0.5272522032494367	-0.09283184333632735
0.389	0.5274817218413638	-0.09281982986116842
0.39	0.5277115905645408	-0.09280776716598382
0.391	0.5279418104364376	-0.09279565506409918
0.392	0.5281723824790302	-0.0927834933678822
0.393	0.5284033077188274	-0.09277128188874215
0.394	0.5286345871868945	-0.09275902043712463
0.395	0.5288662219188838	-0.0927467088225031
0.396	0.5290982129550621	-0.09273434685337022
0.397	0.5293305613403386	-0.09272193433723887
0.398	0.5295632681242906	-0.09270947108062252
0.399	0.5297963343611952	-0.09269695688904593
0.4	0.530029761110056	-0.09268439156702159
0.401	0.5302635494346322	-0.09267177491805503
0.402	0.5304977004034668	-0.09265910674463228
0.403	0.5307322150899187	-0.09264638684821735
0.404	0.5309670945721878	-0.09263361502923777
0.405	0.5312023399333491	-0.09262079108708744
0.406	0.5314379522613761	-0.09260791482011066
0.407	0.5316739326491801	-0.09259498602560354
0.408	0.5319102821946342	-0.0925820044997985
0.409	0.5321470020006045	-0.09256897003786378
0.41	0.5323840931749813	-0.0925558824338933
0.411	0.5326215568307118	-0.0925427414808999
0.412	0.53285939408583	-0.09252954697080769
0.413	0.5330976060634897	-0.09251629869444553
0.414	0.5333361938919923	-0.09250299644153756
0.415	0.5335751587048241	-0.09248964000069983
0.416	0.5338145016406856	-0.09247622915942727
0.417	0.5340542238435251	-0.09246276370409134
0.418	0.53429432646257	-0.09244924341992801
0.419	0.5345348106523625	-0.09243566809103318
0.42	0.5347756775727895	-0.09242203750035202
0.421	0.5350169283891203	-0.0924083514296771
0.422	0.5352585642720366	-0.09239460965962565
0.423	0.5355005863976718	-0.09238081196965556
0.424	0.5357429959476365	-0.09236695813803437
0.425	0.535985794109064	-0.0923530479418419
0.426	0.5362289820746371	-0.09233908115696285
0.427	0.536472561042628	-0.0923250575580735
0.428	0.5367165322169303	-0.09231097691863822
0.429	0.5369608968070984	-0.09229683901089598
0.43	0.5372056560283819	-0.09228264360585786
0.431	0.5374508111017614	-0.09226839047329384
0.432	0.5376963632539851	-0.09225407938172372
0.433	0.537942313717609	-0.09223971009841223
0.434	0.5381886637310286	-0.09222528238936048
0.435	0.5384354145385236	-0.09221079601928787
0.436	0.538682567390289	-0.09219625075163677
0.437	0.5389301235424762	-0.09218164634855418
0.438	0.5391780842572349	-0.09216698257088506
0.439	0.539426450802744	-0.09215225917816375
0.44	0.5396752244532599	-0.09213747592860329
0.441	0.5399244064891489	-0.09212263257908611
0.442	0.5401739981969302	-0.09210772888515918
0.443	0.5404240008693162	-0.09209276460101705
0.444	0.5406744158052526	-0.09207773947949877
0.445	0.5409252443099584	-0.09206265327207205
0.446	0.5411764876949667	-0.09204750572882932
0.447	0.5414281472781701	-0.09203229659847391
0.448	0.5416802243838569	-0.09201702562831285
0.449	0.5419327203427572	-0.09200169256424479
0.45	0.5421856364920857	-0.09198629715075007
0.451	0.5424389741755808	-0.0919708391308808
0.452	0.5426927347435513	-0.09195531824625272
0.453	0.5429469195529197	-0.09193973423702982
0.454	0.5432015299672657	-0.09192408684191855
0.455	0.5434565673568699	-0.09190837579815801
0.456	0.5437120330987584	-0.09189260084149987
0.457	0.5439679285767507	-0.09187676170621137
0.458	0.5442242551815027	-0.09186085812505378
0.459	0.5444810143105502	-0.09184488982927577
0.46	0.5447382073683631	-0.09182885654860269
0.461	0.5449958357663828	-0.09181275801122206
0.462	0.5452539009230762	-0.09179659394377956
0.463	0.5455124042639802	-0.0917803640713572
0.464	0.5457713472217489	-0.09176406811747093
0.465	0.5460307312362053	-0.09174770580405234
0.466	0.5462905577543852	-0.09173127685144225
0.467	0.5465508282305895	-0.09171478097837729
0.468	0.5468115441264355	-0.09169821790197602
0.469	0.5470727069109026	-0.09168158733772998
0.47	0.5473343180603849	-0.09166488899948633
0.471	0.547596379058742	-0.09164812259944377
0.472	0.5478588913973516	-0.09163128784813192
0.473	0.5481218565751573	-0.0916143844544027
0.474	0.5483852760987271	-0.09159741212542262
0.475	0.5486491514823	-0.09158037056664708
0.476	0.548913484247842	-0.09156325948182108
0.477	0.5491782759250994	-0.09154607857295825
0.478	0.5494435280516533	-0.09152882754033137
0.479	0.549709242172974	-0.09151150608245784
0.48	0.5499754198424732	-0.09149411389608435
0.481	0.5502420626215667	-0.09147665067617859
0.482	0.5505091720797212	-0.09145911611591083
0.483	0.550776749794518	-0.09144150990664258
0.484	0.5510447973517079	-0.09142383173791212
0.485	0.5513133163452649	-0.09140608129741978
0.486	0.551582308377452	-0.09138825827101751
0.487	0.5518517750588735	-0.09137036234268982
0.488	0.5521217180085343	-0.09135239319454051
0.489	0.5523921388539048	-0.09133435050678226
0.49	0.5526630392309742	-0.09131623395771331
0.491	0.5529344207843174	-0.09129804322371411
0.492	0.5532062851671508	-0.09127977797922654
0.493	0.553478634041398	-0.09126143789673345
0.494	0.5537514690777503	-0.0912430226467534
0.495	0.5540247919557321	-0.09122453189781939
0.496	0.5542986043637603	-0.09120596531646452
0.497	0.5545729079992107	-0.09118732256720827
0.498	0.5548477045684843	-0.09116860331253586
0.499	0.5551229957870687	-0.09114980721288833
0.5	0.5553987833796089	-0.09113093392664148
0.501	0.5556750690799691	-0.09111198311009268
0.502	0.5559518546313019	-0.09109295441744392
0.503	0.5562291417861153	-0.0910738475007842
0.504	0.5565069323063441	-0.09105466201007265
0.505	0.5567852279634138	-0.09103539759312326
0.506	0.5570640305383131	-0.09101605389558613
0.507	0.5573433418216656	-0.09099663056093166
0.508	0.5576231636137982	-0.09097712723043144
0.509	0.5579034977248108	-0.09095754354314176
0.51	0.5581843459746562	-0.09093787913588545
0.511	0.5584657101932039	-0.09091813364323569
0.512	0.5587475922203198	-0.09089830669749446
0.513	0.5590299939059384	-0.09087839792867661
0.514	0.5593129171101371	-0.09085840696449181
0.515	0.5595963637032152	-0.09083833343032424
0.516	0.5598803355657644	-0.09081817694921371
0.517	0.5601648345887525	-0.09079793714183887
0.518	0.5604498626735965	-0.09077761362649357
0.519	0.5607354217322457	-0.09075720601907433
0.52	0.5610215136872547	-0.09073671393305485
0.521	0.5613081404718707	-0.09071613697946647
0.522	0.5615953040301099	-0.09069547476688038
0.523	0.5618830063168386	-0.09067472690138731
0.524	0.562171249297862	-0.09065389298657832
0.525	0.562460034949999	-0.090632972623517
0.526	0.5627493652611713	-0.09061196541072909
0.527	0.5630392422304871	-0.09059087094417131
0.528	0.5633296678683294	-0.09056968881722134
0.529	0.5636206441964368	-0.09054841862064235
0.53	0.5639121732479971	-0.09052705994257365
0.531	0.5642042570677313	-0.09050561236850294
0.532	0.564496897711984	-0.09048407548124339
0.533	0.5647900972488158	-0.09046244886091441
0.534	0.5650838577580898	-0.09044073208491749
0.535	0.5653781813315661	-0.09041892472791167
0.536	0.5656730700729967	-0.09039702636179454
0.537	0.565968526098213	-0.09037503655567296
0.538	0.566264551535225	-0.09035295487584491
0.539	0.5665611485243176	-0.09033078088577273
0.54	0.5668583192181427	-0.09030851414605974
0.541	0.5671560657818198	-0.09028615421442722
0.542	0.5674543903930347	-0.090263700645685
0.543	0.5677532952421358	-0.09024115299171281
0.544	0.5680527825322385	-0.0902185108014314
0.545	0.5683528544793234	-0.09019577362077795
0.546	0.5686535133123404	-0.09017294099268147
0.547	0.5689547612733106	-0.09015001245703265
0.548	0.5692566006174341	-0.090126987550663
0.549	0.56955903361319	-0.09010386580731543
0.55	0.5698620625424492	-0.09008064675761954
0.551	0.570165689700577	-0.09005732992905967
0.552	0.5704699173965465	-0.0900339148459514
0.553	0.5707747479530437	-0.09001040102941803
0.554	0.5710801837065835	-0.08998678799735048
0.555	0.5713862270076163	-0.08996307526438947
0.556	0.5716928802206476	-0.08993926234189546
0.557	0.5720001457243469	-0.08991534873791428
0.558	0.5723080259116683	-0.08989133395715698
0.559	0.5726165231899638	-0.089867217500955
0.56	0.5729256399811021	-0.08984299886725228
0.561	0.5732353787215898	-0.08981867755055119
0.562	0.5735457418626911	-0.08979425304190412
0.563	0.5738567318705468	-0.0897697248288627
0.564	0.5741683512263042	-0.0897450923954609
0.565	0.5744806024262344	-0.08972035522217903
0.566	0.5747934879818609	-0.08969551278590732
0.567	0.5751070104200898	-0.08967056455992048
0.568	0.5754211722833326	-0.08964551001384045
0.569	0.57573597612964	-0.08962034861360636
0.57	0.5760514245328324	-0.08959507982143992
0.571	0.5763675200826308	-0.08956970309580649
0.572	0.5766842653847921	-0.0895442178913932
0.573	0.5770016630612461	-0.08951862365906257
0.574	0.5773197157502294	-0.08949291984582264
0.575	0.5776384261064265	-0.08946710589479023
0.576	0.5779577968011054	-0.08944118124515898
0.577	0.5782778305222659	-0.08941514533215593
0.578	0.5785985299747759	-0.08938899758701238
0.579	0.5789198978805201	-0.08936273743692238
0.58	0.579241936978544	-0.08933636430500742
0.581	0.5795646500252015	-0.08930987761027606
0.582	0.5798880397943068	-0.08928327676759004
0.583	0.5802121090772807	-0.0892565611876209
0.584	0.5805368606833067	-0.08922973027681357
0.585	0.5808622974394858	-0.08920278343734572
0.586	0.581188422190989	-0.08917572006708868
0.587	0.5815152378012179	-0.08914853955956428
0.588	0.5818427471519626	-0.08912124130390726
0.589	0.5821709531435652	-0.08909382468482294
0.59	0.5824998586950787	-0.08906628908254134
0.591	0.5828294667444353	-0.0890386338727815
0.592	0.5831597802486128	-0.08901085842669959
0.593	0.5834908021837998	-0.08898296211085832
0.594	0.5838225355455725	-0.08895494428716706
0.595	0.5841549833490595	-0.08892680431285034
0.596	0.5844881486291235	-0.08889854154039513
0.597	0.5848220344405306	-0.08887015531750961
0.598	0.5851566438581334	-0.08884164498707242
0.599	0.5854919799770509	-0.08881300988709333
0.6	0.5858280459128482	-0.08878424935065717
0.601	0.5861648448017237	-0.08875536270588048
0.602	0.5865023798006956	-0.08872634927586473
0.603	0.5868406540877869	-0.08869720837864356
0.604	0.5871796708622214	-0.08866793932713625
0.605	0.5875194333446148	-0.08863854142909383
0.606	0.5878599447771695	-0.08860901398705119
0.607	0.5882012084238722	-0.08857935629827454
0.608	0.5885432275706955	-0.08854956765471296
0.609	0.5888860055257968	-0.08851964734293738
0.61	0.5892295456197276	-0.08848959464409212
0.611	0.589573851205637	-0.08845940883384505
0.612	0.5899189256594823	-0.08842908918232455
0.613	0.5902647723802426	-0.0883986349540709
0.614	0.5906113947901294	-0.08836804540797376
0.615	0.5909587963348073	-0.08833731979722159
0.616	0.5913069804836127	-0.0883064573692407
0.617	0.5916559507297746	-0.08827545736563656
0.618	0.5920057105906416	-0.08824431902213765
0.619	0.5923562636079072	-0.08821304156853502
0.62	0.5927076133478424	-0.08818162422861535
0.621	0.5930597634015277	-0.08815006622011051
0.622	0.5934127173850877	-0.0881183667546298
0.623	0.5937664789399342	-0.08808652503759272
0.624	0.5941210517330009	-0.08805454026817582
0.625	0.5944764394569959	-0.08802241163923943
0.626	0.594832645830643	-0.08799013833726321
0.627	0.5951896745989351	-0.0879577195422885
0.628	0.5955475295333886	-0.08792515442783819
0.629	0.5959062144322979	-0.08789244216086094
0.63	0.5962657331209973	-0.08785958190165524
0.631	0.5966260894521235	-0.08782657280380025
0.632	0.5969872873058829	-0.08779341401408912
0.633	0.5973493305903192	-0.08776010467245374
0.634	0.5977122232415898	-0.08772664391189404
0.635	0.5980759692242383	-0.08769303085840541
0.636	0.5984405725314796	-0.08765926463090304
0.637	0.598806037185477	-0.08762534434114456
0.638	0.5991723672376372	-0.08759126909365866
0.639	0.5995395667688941	-0.08755703798566492
0.64	0.5999076398900067	-0.08752265010699539
0.641	0.6002765907418561	-0.08748810454001546
0.642	0.6006464234957504	-0.08745340035954229
0.643	0.6010171423537234	-0.08741853663276698
0.644	0.6013887515488534	-0.08738351241916699
0.645	0.6017612553455706	-0.08734832677042563
0.646	0.6021346580399772	-0.08731297873034718
0.647	0.6025089639601685	-0.0872774673347667
0.648	0.6028841774665604	-0.08724179161147244
0.649	0.6032603029522182	-0.08720595058010448
0.65	0.6036373448431916	-0.08716994325207404
0.651	0.6040153075988538	-0.08713376863047141
0.652	0.6043941957122445	-0.08709742570996998
0.653	0.6047740137104188	-0.0870609134767374
0.654	0.6051547661547971	-0.08702423090833909
0.655	0.6055364576415286	-0.08698737697364099
0.656	0.6059190928018442	-0.08695035063271418
0.657	0.6063026763024298	-0.08691315083673443
0.658	0.6066872128457959	-0.08687577652788332
0.659	0.6070727071706535	-0.08683822663924855
0.66	0.6074591640522962	-0.0868005000947149
0.661	0.6078465883029885	-0.08676259580886643
0.662	0.6082349847723552	-0.08672451268687853
0.663	0.6086243583477778	-0.08668624962440889
0.664	0.6090147139548024	-0.0866478055074891
0.665	0.6094060565575431	-0.08660917921241502
0.666	0.6097983911590961	-0.08657036960563767
0.667	0.6101917228019611	-0.08653137554364242
0.668	0.6105860565684631	-0.08649219587284078
0.669	0.6109813975811872	-0.08645282942944808
0.67	0.6113777510034138	-0.0864132750393685
0.671	0.6117751220395607	-0.08637353151807359
0.672	0.6121735159356317	-0.0863335976704794
0.673	0.6125729379796753	-0.08629347229082328
0.674	0.6129733935022419	-0.08625315416253705
0.675	0.6133748878768555	-0.08621264205812348
0.676	0.6137774265204864	-0.08617193473901778
0.677	0.6141810148940332	-0.08613103095546962
0.678	0.6145856585028108	-0.08608992944639501
0.679	0.6149913628970467	-0.08604862893925389
0.68	0.6153981336723824	-0.08600712814990266
0.681	0.61580597647038	-0.08596542578246272
0.682	0.6162148969790444	-0.08592352052917243
0.683	0.6166249009333439	-0.08588141107024862
0.684	0.6170359941157411	-0.08583909607373871
0.685	0.6174481823567327	-0.08579657419537118
0.686	0.6178614715353998	-0.08575384407840646
0.687	0.6182758675799581	-0.08571090435348819
0.688	0.6186913764683241	-0.08566775363848107
0.689	0.6191080042286858	-0.08562439053831879
0.69	0.6195257569400817	-0.08558081364484131
0.691	0.6199446407329909	-0.08553702153663541
0.692	0.6203646617899272	-0.08549301277886927
0.693	0.6207858263460468	-0.08544878592312576
0.694	0.6212081406897645	-0.08540433950722733
0.695	0.6216316111633741	-0.08535967205507165
0.696	0.6220562441636852	-0.08531478207645092
0.697	0.6224820461426636	-0.08526966806687562
0.698	0.6229090236080839	-0.08522432850739398
0.699	0.623337183124194	-0.08517876186440689
0.7	0.6237665313123862	-0.08513296658948362
0.701	0.6241970748518784	-0.08508694111917045
0.702	0.6246288204804099	-0.08504068387479692
0.703	0.6250617749949421	-0.0849941932622842
0.704	0.6254959452523761	-0.08494746767194375
0.705	0.6259313381702739	-0.08490050547827324
0.706	0.6263679607276007	-0.0848533050397549
0.707	0.6268058199654678	-0.084805864698646
0.708	0.6272449229878939	-0.08475818278076425
0.709	0.6276852769625789	-0.08471025759527595
0.71	0.6281268891216849	-0.0846620874344765
0.711	0.6285697667626325	-0.08461367057356195
0.712	0.6290139172489105	-0.08456500527041046
0.713	0.6294593480108965	-0.08451608976534772
0.714	0.629906066546692	-0.0844669222809139
0.715	0.6303540804229683	-0.08441750102162712
0.716	0.630803397275829	-0.08436782417373957
0.717	0.6312540248116866	-0.08431788990499052
0.718	0.6317059708081456	-0.08426769636436501
0.719	0.6321592431149164	-0.08421724168182394
0.72	0.6326138496547229	-0.08416652396806067
0.721	0.6330697984242418	-0.08411554131422727
0.722	0.633527097495048	-0.08406429179167484
0.723	0.6339857550145805	-0.08401277345167822
0.724	0.6344457792071219	-0.08396098432515535
0.725	0.6349071783747923	-0.08390892242239252
0.726	0.6353699608985631	-0.08385658573275254
0.727	0.6358341352392864	-0.08380397222438858
0.728	0.6362997099387415	-0.08375107984393759
0.729	0.6367666936206975	-0.08369790651623547
0.73	0.637235094991997	-0.08364445014399047
0.731	0.6377049228436547	-0.08359070860748725
0.732	0.6381761860519733	-0.08353667976425738
0.733	0.6386488935796908	-0.08348236144876274
0.734	0.6391230544771241	-0.08342775147206187
0.735	0.6395986778833566	-0.08337284762147767
0.736	0.6400757730274311	-0.08331764766025278
0.737	0.6405543492295664	-0.08326214932720596
0.738	0.6410344159023984	-0.08320635033637466
0.739	0.6415159825522377	-0.08315024837665697
0.74	0.6419990587803558	-0.08309384111144533
0.741	0.6424836542842874	-0.08303712617824995
0.742	0.6429697788591562	-0.08298010118832175
0.743	0.6434574423990311	-0.08292276372626065
0.744	0.6439466548982937	-0.08286511134962846
0.745	0.644437426453048	-0.08280714158853697
0.746	0.6449297672625337	-0.0827488519452488
0.747	0.6454236876305834	-0.08269023989375109
0.748	0.6459191979670968	-0.08263130287933912
0.749	0.6464163087895431	-0.08257203831817536
0.75	0.64691503072449	-0.08251244359685357
0.751	0.6474153745091621	-0.08245251607194652
0.752	0.6479173509930293	-0.08239225306955104
0.753	0.6484209711394163	-0.08233165188481632
0.754	0.6489262460271544	-0.08227070978147356
0.755	0.6494331868522519	-0.08220942399134595
0.756	0.6499418049296035	-0.08214779171385753
0.757	0.6504521116947259	-0.08208581011552482
0.758	0.6509641187055324	-0.0820234763294517
0.759	0.6514778376441328	-0.08196078745479242
0.76	0.6519932803186747	-0.08189774055623113
0.761	0.6525104586652152	-0.08183433266342309
0.762	0.6530293847496287	-0.08177056077045022
0.763	0.6535500707695542	-0.08170642183524848
0.764	0.6540725290563755	-0.08164191277903061
0.765	0.654596772077242	-0.0815770304856961
0.766	0.65512281243713	-0.08151177180123197
0.767	0.6556506628809392	-0.08144613353309402
0.768	0.6561803362956363	-0.08138011244958278
0.769	0.6567118457124375	-0.08131370527920706
0.77	0.6572452043090312	-0.08124690871002493
0.771	0.6577804254118488	-0.08117971938898624
0.772	0.65831752249838	-0.08111213392124578
0.773	0.6588565091995329	-0.08104414886947064
0.774	0.6593973993020391	-0.0809757607531367
0.775	0.6599402067509157	-0.08090696604780045
0.776	0.6604849456519643	-0.08083776118436192
0.777	0.6610316302743334	-0.08076814254831365
0.778	0.6615802750531237	-0.08069810647896315
0.779	0.6621308945920497	-0.08062764926865786
0.78	0.6626835036661598	-0.08055676716197147
0.781	0.6632381172246045	-0.08048545635488723
0.782	0.6637947503934719	-0.08041371299396136
0.783	0.664353418478672	-0.08034153317546454
0.784	0.6649141369688905	-0.08026891294450676
0.785	0.6654769215385963	-0.08019584829414535
0.786	0.6660417880511225	-0.08012233516446306
0.787	0.6666087525618004	-0.08004836944164619
0.788	0.667177831321172	-0.07997394695701814
0.789	0.6677490407782658	-0.0798990634860715
0.79	0.6683223975839389	-0.07982371474746458
0.791	0.6688979185943015	-0.07974789640200143
0.792	0.6694756208742065	-0.07967160405158981
0.793	0.6700555217008235	-0.0795948332381726
0.794	0.6706376385672786	-0.07951757944263543
0.795	0.6712219891863915	-0.0794398380836937
0.796	0.6718085914944792	-0.07936160451674162
0.797	0.6723974636552552	-0.07928287403269021
0.798	0.6729886240638118	-0.07920364185677185
0.799	0.673582091350687	-0.07912390314730702
0.8	0.6741778843860372	-0.07904365299446241
0.801	0.6747760222838874	-0.0789628864189588
0.802	0.675376524406489	-0.07888159837076492
0.803	0.6759794103687793	-0.078799783727748
0.804	0.676584700042929	-0.07871743729430229
0.805	0.6771924135630177	-0.07863455379993217
0.806	0.6778025713297955	-0.0785511278978153
0.807	0.6784151940155719	-0.07846715416332359
0.808	0.679030302569209	-0.07838262709249579
0.809	0.6796479182212426	-0.07829754110050532
0.81	0.6802680624891158	-0.07821189052005129
0.811	0.6808907571825419	-0.07812566959973972
0.812	0.6815160244089961	-0.07803887250240857
0.813	0.6821438865793392	-0.0779514933034148
0.814	0.6827743664135751	-0.07786352598887744
0.815	0.6834074869467535	-0.07777496445388102
0.816	0.6840432715350121	-0.0776858025006294
0.817	0.6846817438617734	-0.07759603383654663
0.818	0.6853229279440864	-0.0775056520723361
0.819	0.6859668481391358	-0.07741465071999967
0.82	0.6866135291509089	-0.07732302319077396
0.821	0.68726299603703	-0.0772307627930504
0.822	0.68791527421577	-0.07713786273020995
0.823	0.6885703894732331	-0.0770443160984219
0.824	0.6892283679707288	-0.076950115884369
0.825	0.6898892362523311	-0.0768552549629227
0.826	0.6905530212526348	-0.07675972609474817
0.827	0.6912197503047174	-0.07666352192385234
0.828	0.6918894511483018	-0.07656663497505357
0.829	0.6925621519381409	-0.07646905765139808
0.83	0.6932378812526189	-0.07637078223149045
0.831	0.6939166681025871	-0.07627180086675686
0.832	0.6945985419404325	-0.07617210557863702
0.833	0.695283532669393	-0.07607168825568628
0.834	0.6959716706531232	-0.0759705406506052
0.835	0.6966629867255201	-0.07586865437718586
0.836	0.6973575122008265	-0.07576602090716003
0.837	0.6980552788840028	-0.07566263156696822
0.838	0.6987563190813917	-0.07555847753443742
0.839	0.6994606656116819	-0.07545354983535038
0.84	0.7001683518171796	-0.07534783933992198
0.841	0.7008794115753949	-0.07524133675917828
0.842	0.701593879310966	-0.07513403264121883
0.843	0.7023117900079148	-0.07502591736736972
0.844	0.703033179222266	-0.07491698114822534
0.845	0.7037580830950256	-0.07480721401957488
0.846	0.7044865383655388	-0.07469660583819188
0.847	0.7052185823852435	-0.07458514627750973
0.848	0.7059542531318306	-0.07447282482315846
0.849	0.7066935892238194	-0.07435963076836132
0.85	0.7074366299355792	-0.07424555320919701
0.851	0.7081834152127959	-0.07413058103970382
0.852	0.7089339856884129	-0.0740147029468393
0.853	0.709688382699059	-0.07389790740527076
0.854	0.7104466483019776	-0.07378018267201121
0.855	0.711208825292486	-0.07366151678087075
0.856	0.7119749572219755	-0.0735418975367446
0.857	0.7127450884164795	-0.07342131250969161
0.858	0.7135192639958248	-0.0732997490288514
0.859	0.7142975298933977	-0.07317719417612681
0.86	0.7150799328765421	-0.07305363477968527
0.861	0.7158665205676128	-0.07292905740722627
0.862	0.716657341465721	-0.0728034483590281
0.863	0.7174524449691854	-0.07267679366075537
0.864	0.7182518813987284	-0.07254907905603249
0.865	0.7190557020214406	-0.07242028999874338
0.866	0.7198639590755505	-0.07229041164508258
0.867	0.7206767057960284	-0.0721594288453169
0.868	0.7214939964410585	-0.07202732613526808
0.869	0.7223158863194229	-0.07189408772748046
0.87	0.7231424318188232	-0.07175969750208873
0.871	0.7239736904351952	-0.07162413899734917
0.872	0.7248097208030396	-0.0714873953998327
0.873	0.7256505827268354	-0.0713494495342509
0.874	0.7264963372135628	-0.0712102838529242
0.875	0.7273470465063959	-0.07106988042484595
0.876	0.728202774119612	-0.0709282209243459
0.877	0.7290635848747735	-0.07078528661932516
0.878	0.7299295449382392	-0.07064105835904792
0.879	0.7308007218600648	-0.07049551656146044
0.88	0.7316771846143514	-0.07034864120002822
0.881	0.7325590036411221	-0.07020041179006199
0.882	0.7334462508897794	-0.07005080737450245
0.883	0.7343389998642296	-0.06989980650914879
0.884	0.7352373256697508	-0.06974738724730069
0.885	0.7361413050616818	-0.06959352712377856
0.886	0.7370510164960271	-0.06943820313830153
0.887	0.7379665401820632	-0.06928139173818706
0.888	0.7388879581370515	-0.06912306880033209
0.889	0.7398153542431513	-0.0689632096124564
0.89	0.7407488143066541	-0.06880178885354905
0.891	0.7416884261196445	-0.06863878057349705
0.892	0.7426342795242187	-0.06847415817183708
0.893	0.7435864664793866	-0.06830789437560418
0.894	0.7445450811307952	-0.068139961216201
0.895	0.7455102198834231	-0.06797033000527467
0.896	0.7464819814774024	-0.06779897130950584
0.897	0.747460467067126	-0.06762585492428766
0.898	0.7484457803038281	-0.06745094984620713
0.899	0.7494380274218152	-0.06727422424428248
0.9	0.7504373173285526	-0.0670956454298709
0.901	0.7514437616988159	-0.06691517982518791
0.902	0.7524574750731361	-0.06673279293034305
0.903	0.7534785749607759	-0.06654844928882017
0.904	0.7545071819475012	-0.06636211245130974
0.905	0.7555434198084141	-0.0661737449377861
0.906	0.7565874156261504	-0.06598330819774144
0.907	0.7576392999147461	-0.06579076256845372
0.908	0.7586992067495196	-0.06559606723118314
0.909	0.75976727390332	-0.06539918016515071
0.91	0.7608436429895326	-0.06520005809918474
0.911	0.7619284596122543	-0.06499865646087112
0.912	0.7630218735240817	-0.06479492932307038
0.913	0.764124038791987	-0.06458882934760217
0.914	0.7652351139718012	-0.06438030772595188
0.915	0.7663552622918443	-0.0641693141167776
0.916	0.7674846518463039	-0.06395579658001746
0.917	0.7686234557990049	-0.06373970150736885
0.918	0.7697718525982433	-0.06352097354889323
0.919	0.77093002620345	-0.06329955553548366
0.92	0.7720981663244693	-0.06307538839691276
0.921	0.773276468674335	-0.06284841107513396
0.922	0.7744651352364764	-0.06261856043251797
0.923	0.7756643745473795	-0.06238577115466376
0.924	0.7768744019958053	-0.06214997564736896
0.925	0.778095440139764	-0.06191110392733742
0.926	0.7793277190425603	-0.061669083506169925
0.927	0.7805714766293124	-0.06142383926711858
0.928	0.7818269590655038	-0.061175293334031995
0.929	0.7830944211592534	-0.06092336493193152
0.93	0.7843741267891305	-0.060667970238507056
0.931	0.7856663493595487	-0.06040902222583207
0.932	0.7869713722859174	-0.060146430491516335
0.933	0.7882894895119775	-0.05988010107839232
0.934	0.7896210060619662	-0.059609936281812353
0.935	0.7909662386305131	-0.0593358344434877
0.936	0.7923255162134758	-0.05905768973071656
0.937	0.7936991807832255	-0.05877539189971838
0.938	0.7950875880122906	-0.05848882604168624
0.939	0.796491108049646	-0.05819787230995489
0.94	0.7979101263543997	-0.05790240562661241
0.941	0.7993450445921647	-0.057602295366584566
0.942	0.800796281599961	-0.05729740501709919
0.943	0.8022642744261652	-0.05698759181013122
0.944	0.803749479452767	-0.05667270632519898
0.945	0.8052523736080398	-0.05635259205954707
0.946	0.8067734556786749	-0.05602708496239754
0.947	0.8083132477315582	-0.055696012929566614
0.948	0.8098722966565769	-0.05535919525425159
0.949	0.8114511758433054	-0.055016442029310164
0.95	0.8130504870060439	-0.05466755349568922
0.951	0.8146708621735763	-0.05431231933101697
0.952	0.8163129658621924	-0.05395051787152888
0.953	0.8179774974530388	-0.05358191525957793
0.954	0.8196651937977851	-0.05320626450789677
0.955	0.8213768320799949	-0.05282330447050746
0.956	0.8231132329635635	-0.05243275870871252
0.957	0.8248752640642284	-0.05203433423885164
0.958	0.8266638437856391	-0.051627720146494895
0.959	0.8284799455678967	-0.05121258604933301
0.96	0.830324602604129	-0.05078858038816675
0.961	0.8321989130897137	-0.050355328522043295
0.962	0.8341040460796018	-0.04991243059952272
0.963	0.8360412480421457	-0.04945945917321459
0.964	0.8380118502134639	-0.048995956518892866
0.965	0.8400172768752489	-0.048521431613431386
0.966	0.842059054701871	-0.04803535671718465
0.967	0.8441388233507136	-0.04753716349594121
0.968	0.8462583475040873	-0.047026238604653624
0.969	0.848419530613731	-0.046501918639119615
0.97	0.8506244306518445	-0.04596348434191587
0.971	0.8528752782389425	-0.04541015392395205
0.972	0.8551744976024429	-0.044841075331491634
0.973	0.8575247309260856	-0.04425531724859845
0.974	0.8599288667862638	-0.043651858573633365
0.975	0.8623900735468687	-0.04302957604232127
0.976	0.8649118388130075	-0.04238722958357453
0.977	0.8674980163448653	-0.04172344488066471
0.978	0.8701528822331719	-0.04103669245919114
0.979	0.8728812026758846	-0.040325262419886
0.98	0.8756883164284814	-0.03958723365722967
0.981	0.8785802360114682	-0.03882043602224888
0.982	0.8815637731747615	-0.038022403351921516
0.983	0.8846466961337445	-0.037190314524536125
0.984	0.8878379290105886	-0.036320918594698694
0.985	0.8911478082259563	-0.03541043842793229
0.986	0.8945884170953609	-0.034454444787641564
0.987	0.8981740299550263	-0.03344768900944343
0.988	0.9019217131588452	-0.032383876325104755
0.989	0.9058521565759746	-0.03125535193096176
0.99	0.9099908539526349	-0.030052654935387873
0.991	0.9143698298939748	-0.028763865225312026
0.992	0.9190302592789673	-0.02737361218696828
0.993	0.9240266179174963	-0.025861503244798138
0.994	0.9294336267242702	-0.024199494218626397
0.995	0.9353587049487582	-0.022347173941110843
0.996	0.9419664620275219	-0.020242495383708804
0.997	0.9495335331016697	-0.017781047113740293
0.998	0.958598365608644	-0.014759542900480298
0.999	0.970548719157976	-0.010654970832820573
